# Conduit native spec: shell routing, read-only surfaces, sessions, write
# paths, and Phase 5 robustness checks. It covers feeds with pagination and
# tag filtering,
# popular tags, article markdown, profiles with tabs, auth/settings,
# server-confirmed article create/delete, article favorite/unfavorite,
# comment create/delete, follows, and fetch failure states.
# Payload lines are generated with scripts/browser/http_spec_payload.mjs.

# --- Seeded session restores before first render (namespaced keys) ---
seed_local_storage "conduit.jwt" "jwt.conduit.kim"
seed_local_storage "conduit.username" "kim"

# --- Deep link cold-mounts the article page: loading, then content ---
set_initial_location "/roc-signals/examples/conduit/#/article/keyed-lists-without-tears"
expect_current_location "/roc-signals/examples/conduit/#/article/keyed-lists-without-tears"
expect_document_title "keyed-lists-without-tears - Conduit"
expect_pending_task "http:send:article" 1
expect_visible text:"Loading article..."
resolve_task "http:send:article" "roc-http-response-v1\n200\n0\n123,34,97,114,116,105,99,108,101,34,58,123,34,115,108,117,103,34,58,34,107,101,121,101,100,45,108,105,115,116,115,45,119,105,116,104,111,117,116,45,116,101,97,114,115,34,44,34,116,105,116,108,101,34,58,34,75,101,121,101,100,32,108,105,115,116,115,32,119,105,116,104,111,117,116,32,116,101,97,114,115,34,44,34,100,101,115,99,114,105,112,116,105,111,110,34,58,34,70,105,101,108,100,32,110,111,116,101,115,32,111,110,32,115,116,97,98,108,101,32,114,111,119,32,105,100,101,110,116,105,116,121,46,34,44,34,98,111,100,121,34,58,34,35,32,75,101,121,101,100,32,108,105,115,116,115,92,110,92,110,83,116,97,98,108,101,32,107,101,121,115,32,107,101,101,112,32,114,111,119,32,115,116,97,116,101,46,92,110,92,110,45,32,102,105,114,115,116,32,112,111,105,110,116,92,110,32,32,45,32,110,101,115,116,101,100,32,112,111,105,110,116,92,110,92,110,96,96,96,92,110,115,105,103,110,97,108,115,32,99,104,101,99,107,32,45,45,107,101,121,115,92,110,96,96,96,92,110,92,110,42,42,98,111,108,100,32,109,111,118,101,42,42,32,97,110,100,32,96,105,110,108,105,110,101,32,99,111,100,101,96,32,97,110,100,32,91,100,111,99,115,93,40,104,116,116,112,115,58,47,47,101,120,97,109,112,108,101,46,116,101,115,116,47,100,111,99,115,41,34,44,34,116,97,103,76,105,115,116,34,58,91,34,115,105,103,110,97,108,115,34,44,34,119,101,98,100,101,118,34,93,44,34,99,114,101,97,116,101,100,65,116,34,58,34,50,48,50,54,45,48,54,45,48,49,84,48,56,58,48,48,58,48,48,46,48,48,48,90,34,44,34,102,97,118,111,114,105,116,101,100,34,58,102,97,108,115,101,44,34,102,97,118,111,114,105,116,101,115,67,111,117,110,116,34,58,50,44,34,97,117,116,104,111,114,34,58,123,34,117,115,101,114,110,97,109,101,34,58,34,97,110,110,97,34,44,34,98,105,111,34,58,34,83,105,103,110,97,108,115,32,112,108,97,116,102,111,114,109,32,110,111,116,101,115,46,34,44,34,105,109,97,103,101,34,58,34,104,116,116,112,115,58,47,47,101,120,97,109,112,108,101,46,116,101,115,116,47,97,118,97,116,97,114,115,47,97,110,110,97,46,112,110,103,34,44,34,102,111,108,108,111,119,105,110,103,34,58,102,97,108,115,101,125,125,125"
expect_pending_task "http:send:article" 0
expect_visible text:"Keyed lists without tears"
expect_visible text:"Keyed lists"
expect_visible text:"Stable keys keep row state."
expect_visible text:"first point"
expect_visible text:"nested point"
expect_visible text:"signals check --keys"
expect_visible text:"bold move"
expect_visible text:"inline code"
expect_visible text:"docs"
expect_visible role:link name:"anna"
expect_visible text:"June 1, 2026 | 2 favorites"
expect_document_title "Keyed lists without tears - Conduit"
expect_visible role:link name:"kim"
expect_visible role:link name:"Settings"
expect_absent role:link name:"Sign in"

# --- Home: both fetches pending, then tags and feed render ---
click role:link name:"Home"
expect_current_location "/roc-signals/examples/conduit/#/"
expect_document_title "Conduit"
expect_pending_task "http:send:feed" 1
expect_pending_task "http:send:tags" 1
expect_visible text:"Loading articles..."
expect_visible text:"Loading tags..."
resolve_task "http:send:tags" "roc-http-response-v1\n200\n0\n123,34,116,97,103,115,34,58,91,34,115,105,103,110,97,108,115,34,44,34,114,111,99,34,44,34,119,101,98,100,101,118,34,93,125"
expect_visible role:link name:"webdev"
resolve_task "http:send:feed" "roc-http-response-v1\n200\n0\n123,34,97,114,116,105,99,108,101,115,34,58,91,123,34,115,108,117,103,34,58,34,107,101,121,101,100,45,108,105,115,116,115,45,119,105,116,104,111,117,116,45,116,101,97,114,115,34,44,34,116,105,116,108,101,34,58,34,75,101,121,101,100,32,108,105,115,116,115,32,119,105,116,104,111,117,116,32,116,101,97,114,115,34,44,34,100,101,115,99,114,105,112,116,105,111,110,34,58,34,70,105,101,108,100,32,110,111,116,101,115,32,111,110,32,115,116,97,98,108,101,32,114,111,119,32,105,100,101,110,116,105,116,121,46,34,44,34,116,97,103,76,105,115,116,34,58,91,34,115,105,103,110,97,108,115,34,44,34,119,101,98,100,101,118,34,93,44,34,99,114,101,97,116,101,100,65,116,34,58,34,50,48,50,54,45,48,54,45,48,49,84,48,56,58,48,48,58,48,48,46,48,48,48,90,34,44,34,102,97,118,111,114,105,116,101,100,34,58,102,97,108,115,101,44,34,102,97,118,111,114,105,116,101,115,67,111,117,110,116,34,58,50,44,34,97,117,116,104,111,114,34,58,123,34,117,115,101,114,110,97,109,101,34,58,34,97,110,110,97,34,44,34,98,105,111,34,58,34,83,105,103,110,97,108,115,32,112,108,97,116,102,111,114,109,32,110,111,116,101,115,46,34,44,34,105,109,97,103,101,34,58,34,104,116,116,112,115,58,47,47,101,120,97,109,112,108,101,46,116,101,115,116,47,97,118,97,116,97,114,115,47,97,110,110,97,46,112,110,103,34,44,34,102,111,108,108,111,119,105,110,103,34,58,102,97,108,115,101,125,125,44,123,34,115,108,117,103,34,58,34,98,117,100,103,101,116,105,110,103,45,112,97,116,99,104,101,115,34,44,34,116,105,116,108,101,34,58,34,66,117,100,103,101,116,105,110,103,32,112,97,116,99,104,101,115,32,112,101,114,32,105,110,116,101,114,97,99,116,105,111,110,34,44,34,100,101,115,99,114,105,112,116,105,111,110,34,58,34,67,111,117,110,116,105,110,103,32,116,104,101,32,119,111,114,107,32,101,97,99,104,32,99,108,105,99,107,32,100,111,101,115,46,34,44,34,116,97,103,76,105,115,116,34,58,91,34,114,111,99,34,93,44,34,99,114,101,97,116,101,100,65,116,34,58,34,50,48,50,54,45,48,54,45,48,50,84,48,56,58,48,48,58,48,48,46,48,48,48,90,34,44,34,102,97,118,111,114,105,116,101,100,34,58,102,97,108,115,101,44,34,102,97,118,111,114,105,116,101,115,67,111,117,110,116,34,58,48,44,34,97,117,116,104,111,114,34,58,123,34,117,115,101,114,110,97,109,101,34,58,34,109,97,120,34,44,34,98,105,111,34,58,34,81,117,101,117,101,115,32,97,110,100,32,108,97,116,101,110,99,121,46,34,44,34,105,109,97,103,101,34,58,34,104,116,116,112,115,58,47,47,101,120,97,109,112,108,101,46,116,101,115,116,47,97,118,97,116,97,114,115,47,109,97,120,46,112,110,103,34,44,34,102,111,108,108,111,119,105,110,103,34,58,102,97,108,115,101,125,125,44,123,34,115,108,117,103,34,58,34,108,97,116,101,115,116,45,119,105,110,115,45,114,101,113,117,101,115,116,115,34,44,34,116,105,116,108,101,34,58,34,76,97,116,101,115,116,45,119,105,110,115,32,114,101,113,117,101,115,116,32,114,101,112,108,97,99,101,109,101,110,116,34,44,34,100,101,115,99,114,105,112,116,105,111,110,34,58,34,79,110,108,121,32,116,104,101,32,110,101,119,101,115,116,32,114,101,113,117,101,115,116,32,109,97,121,32,108,97,110,100,46,34,44,34,116,97,103,76,105,115,116,34,58,91,34,112,101,114,102,111,114,109,97,110,99,101,34,93,44,34,99,114,101,97,116,101,100,65,116,34,58,34,50,48,50,54,45,48,54,45,48,51,84,48,56,58,48,48,58,48,48,46,48,48,48,90,34,44,34,102,97,118,111,114,105,116,101,100,34,58,102,97,108,115,101,44,34,102,97,118,111,114,105,116,101,115,67,111,117,110,116,34,58,49,44,34,97,117,116,104,111,114,34,58,123,34,117,115,101,114,110,97,109,101,34,58,34,97,110,110,97,34,44,34,98,105,111,34,58,34,83,105,103,110,97,108,115,32,112,108,97,116,102,111,114,109,32,110,111,116,101,115,46,34,44,34,105,109,97,103,101,34,58,34,104,116,116,112,115,58,47,47,101,120,97,109,112,108,101,46,116,101,115,116,47,97,118,97,116,97,114,115,47,97,110,110,97,46,112,110,103,34,44,34,102,111,108,108,111,119,105,110,103,34,58,102,97,108,115,101,125,125,93,44,34,97,114,116,105,99,108,101,115,67,111,117,110,116,34,58,50,51,125"
expect_visible role:link name:"Your Feed"
expect_visible text:"Keyed lists without tears"
expect_visible text:"Budgeting patches per interaction"
expect_visible text:"Latest-wins request replacement"
expect_visible text:"June 1, 2026"
expect_visible role:button name:"Favorite Keyed lists without tears (2)"
click role:button name:"Favorite Keyed lists without tears (2)"
expect_pending_task "http:send:feed-favorite" 1
resolve_task "http:send:feed-favorite" "roc-http-response-v1\n200\n0\n123,34,97,114,116,105,99,108,101,34,58,123,34,115,108,117,103,34,58,34,107,101,121,101,100,45,108,105,115,116,115,45,119,105,116,104,111,117,116,45,116,101,97,114,115,34,44,34,116,105,116,108,101,34,58,34,75,101,121,101,100,32,108,105,115,116,115,32,119,105,116,104,111,117,116,32,116,101,97,114,115,34,44,34,100,101,115,99,114,105,112,116,105,111,110,34,58,34,70,105,101,108,100,32,110,111,116,101,115,32,111,110,32,115,116,97,98,108,101,32,114,111,119,32,105,100,101,110,116,105,116,121,46,34,44,34,98,111,100,121,34,58,34,117,110,117,115,101,100,34,44,34,116,97,103,76,105,115,116,34,58,91,34,115,105,103,110,97,108,115,34,44,34,119,101,98,100,101,118,34,93,44,34,99,114,101,97,116,101,100,65,116,34,58,34,50,48,50,54,45,48,54,45,48,49,84,48,56,58,48,48,58,48,48,46,48,48,48,90,34,44,34,102,97,118,111,114,105,116,101,100,34,58,116,114,117,101,44,34,102,97,118,111,114,105,116,101,115,67,111,117,110,116,34,58,51,44,34,97,117,116,104,111,114,34,58,123,34,117,115,101,114,110,97,109,101,34,58,34,97,110,110,97,34,44,34,98,105,111,34,58,34,83,105,103,110,97,108,115,32,112,108,97,116,102,111,114,109,32,110,111,116,101,115,46,34,44,34,105,109,97,103,101,34,58,34,104,116,116,112,115,58,47,47,101,120,97,109,112,108,101,46,116,101,115,116,47,97,118,97,116,97,114,115,47,97,110,110,97,46,112,110,103,34,44,34,102,111,108,108,111,119,105,110,103,34,58,102,97,108,115,101,125,125,125"
expect_visible role:button name:"Unfavorite Keyed lists without tears (3)"
click role:button name:"Unfavorite Keyed lists without tears (3)"
expect_pending_task "http:send:feed-favorite" 1
resolve_task "http:send:feed-favorite" "roc-http-response-v1\n200\n0\n123,34,97,114,116,105,99,108,101,34,58,123,34,115,108,117,103,34,58,34,107,101,121,101,100,45,108,105,115,116,115,45,119,105,116,104,111,117,116,45,116,101,97,114,115,34,44,34,116,105,116,108,101,34,58,34,75,101,121,101,100,32,108,105,115,116,115,32,119,105,116,104,111,117,116,32,116,101,97,114,115,34,44,34,100,101,115,99,114,105,112,116,105,111,110,34,58,34,70,105,101,108,100,32,110,111,116,101,115,32,111,110,32,115,116,97,98,108,101,32,114,111,119,32,105,100,101,110,116,105,116,121,46,34,44,34,98,111,100,121,34,58,34,117,110,117,115,101,100,34,44,34,116,97,103,76,105,115,116,34,58,91,34,115,105,103,110,97,108,115,34,44,34,119,101,98,100,101,118,34,93,44,34,99,114,101,97,116,101,100,65,116,34,58,34,50,48,50,54,45,48,54,45,48,49,84,48,56,58,48,48,58,48,48,46,48,48,48,90,34,44,34,102,97,118,111,114,105,116,101,100,34,58,102,97,108,115,101,44,34,102,97,118,111,114,105,116,101,115,67,111,117,110,116,34,58,50,44,34,97,117,116,104,111,114,34,58,123,34,117,115,101,114,110,97,109,101,34,58,34,97,110,110,97,34,44,34,98,105,111,34,58,34,83,105,103,110,97,108,115,32,112,108,97,116,102,111,114,109,32,110,111,116,101,115,46,34,44,34,105,109,97,103,101,34,58,34,104,116,116,112,115,58,47,47,101,120,97,109,112,108,101,46,116,101,115,116,47,97,118,97,116,97,114,115,47,97,110,110,97,46,112,110,103,34,44,34,102,111,108,108,111,119,105,110,103,34,58,102,97,108,115,101,125,125,125"
expect_visible role:button name:"Favorite Keyed lists without tears (2)"

# --- Pagination: 23 articles -> two pages; page switch swaps the list ---
expect_visible role:link name:"2"
mark_metrics
click role:link name:"2"
expect_current_location "/roc-signals/examples/conduit/#/?page=2"
expect_pending_task "http:send:feed" 1
resolve_task "http:send:feed" "roc-http-response-v1\n200\n0\n123,34,97,114,116,105,99,108,101,115,34,58,91,123,34,115,108,117,103,34,58,34,100,101,101,112,45,108,105,110,107,115,45,116,104,97,116,45,115,117,114,118,105,118,101,34,44,34,116,105,116,108,101,34,58,34,68,101,101,112,32,108,105,110,107,115,32,116,104,97,116,32,115,117,114,118,105,118,101,32,114,101,108,111,97,100,115,34,44,34,100,101,115,99,114,105,112,116,105,111,110,34,58,34,82,111,117,116,105,110,103,32,116,104,97,116,32,111,119,110,115,32,105,116,115,32,85,82,76,115,46,34,44,34,116,97,103,76,105,115,116,34,58,91,34,114,101,108,101,97,115,101,34,93,44,34,99,114,101,97,116,101,100,65,116,34,58,34,50,48,50,54,45,48,54,45,48,52,84,48,56,58,48,48,58,48,48,46,48,48,48,90,34,44,34,102,97,118,111,114,105,116,101,100,34,58,102,97,108,115,101,44,34,102,97,118,111,114,105,116,101,115,67,111,117,110,116,34,58,51,44,34,97,117,116,104,111,114,34,58,123,34,117,115,101,114,110,97,109,101,34,58,34,109,97,120,34,44,34,98,105,111,34,58,34,81,117,101,117,101,115,32,97,110,100,32,108,97,116,101,110,99,121,46,34,44,34,105,109,97,103,101,34,58,34,104,116,116,112,115,58,47,47,101,120,97,109,112,108,101,46,116,101,115,116,47,97,118,97,116,97,114,115,47,109,97,120,46,112,110,103,34,44,34,102,111,108,108,111,119,105,110,103,34,58,102,97,108,115,101,125,125,93,44,34,97,114,116,105,99,108,101,115,67,111,117,110,116,34,58,50,51,125"
expect_visible text:"Deep links that survive reloads"
expect_metric_delta_at_most patches_emitted 70
expect_metric_delta_at_most active_graph_records_rebuilt 24

# --- Tag filter with request replacement: two quick switches, one request ---
mark_metrics
click role:link name:"signals"
expect_current_location "/roc-signals/examples/conduit/#/?tag=signals"
expect_document_title "Conduit"
expect_visible text:"Tag: signals"
expect_pending_task "http:send:feed" 1
click role:link name:"roc"
expect_current_location "/roc-signals/examples/conduit/#/?tag=roc"
expect_pending_task "http:send:feed" 1
resolve_stale_task "http:send:feed" "stale feed result"
expect_metric_delta stale_task_results_ignored 1
expect_pending_task "http:send:feed" 1
resolve_task "http:send:feed" "roc-http-response-v1\n200\n0\n123,34,97,114,116,105,99,108,101,115,34,58,91,123,34,115,108,117,103,34,58,34,108,97,116,101,115,116,45,119,105,110,115,45,114,101,113,117,101,115,116,115,34,44,34,116,105,116,108,101,34,58,34,76,97,116,101,115,116,45,119,105,110,115,32,114,101,113,117,101,115,116,32,114,101,112,108,97,99,101,109,101,110,116,34,44,34,100,101,115,99,114,105,112,116,105,111,110,34,58,34,79,110,108,121,32,116,104,101,32,110,101,119,101,115,116,32,114,101,113,117,101,115,116,32,109,97,121,32,108,97,110,100,46,34,44,34,116,97,103,76,105,115,116,34,58,91,34,112,101,114,102,111,114,109,97,110,99,101,34,93,44,34,99,114,101,97,116,101,100,65,116,34,58,34,50,48,50,54,45,48,54,45,48,51,84,48,56,58,48,48,58,48,48,46,48,48,48,90,34,44,34,102,97,118,111,114,105,116,101,100,34,58,102,97,108,115,101,44,34,102,97,118,111,114,105,116,101,115,67,111,117,110,116,34,58,49,44,34,97,117,116,104,111,114,34,58,123,34,117,115,101,114,110,97,109,101,34,58,34,97,110,110,97,34,44,34,98,105,111,34,58,34,83,105,103,110,97,108,115,32,112,108,97,116,102,111,114,109,32,110,111,116,101,115,46,34,44,34,105,109,97,103,101,34,58,34,104,116,116,112,115,58,47,47,101,120,97,109,112,108,101,46,116,101,115,116,47,97,118,97,116,97,114,115,47,97,110,110,97,46,112,110,103,34,44,34,102,111,108,108,111,119,105,110,103,34,58,102,97,108,115,101,125,125,93,44,34,97,114,116,105,99,108,101,115,67,111,117,110,116,34,58,49,125"
expect_visible text:"Latest-wins request replacement"

# --- Empty state ---
click role:link name:"webdev"
expect_current_location "/roc-signals/examples/conduit/#/?tag=webdev"
expect_pending_task "http:send:feed" 1
resolve_task "http:send:feed" "roc-http-response-v1\n200\n0\n123,34,97,114,116,105,99,108,101,115,34,58,91,93,44,34,97,114,116,105,99,108,101,115,67,111,117,110,116,34,58,48,125"
expect_visible text:"No articles are here... yet."

# --- Error state renders in-app ---
click role:link name:"Home"
expect_current_location "/roc-signals/examples/conduit/#/"
expect_pending_task "http:send:feed" 1
reject_task "http:send:feed" "roc-http-error-v1\nnetwork\n111,102,102,108,105,110,101"
expect_visible text:"Request failed: network: offline"

# --- Network failure matrix for every GET surface ---
navigate "/roc-signals/examples/conduit/#/article/network-matrix"
expect_pending_task "http:send:article" 1
expect_pending_task "http:send:article-comments" 1
resolve_task "http:send:article" "roc-http-response-v1\n200\n0\n123,34,97,114,116,105,99,108,101,34,58,123,34,115,108,117,103,34,58,34,110,101,116,119,111,114,107,45,109,97,116,114,105,120,34,44,34,116,105,116,108,101,34,58,34,78,101,116,119,111,114,107,32,109,97,116,114,105,120,34,44,34,100,101,115,99,114,105,112,116,105,111,110,34,58,34,70,97,105,108,117,114,101,32,99,111,118,101,114,97,103,101,46,34,44,34,98,111,100,121,34,58,34,78,101,116,119,111,114,107,32,98,111,100,121,46,34,44,34,116,97,103,76,105,115,116,34,58,91,34,115,105,103,110,97,108,115,34,93,44,34,99,114,101,97,116,101,100,65,116,34,58,34,50,48,50,54,45,48,55,45,48,50,84,48,56,58,48,48,58,48,48,46,48,48,48,90,34,44,34,102,97,118,111,114,105,116,101,100,34,58,102,97,108,115,101,44,34,102,97,118,111,114,105,116,101,115,67,111,117,110,116,34,58,48,44,34,97,117,116,104,111,114,34,58,123,34,117,115,101,114,110,97,109,101,34,58,34,97,110,110,97,34,44,34,98,105,111,34,58,34,83,105,103,110,97,108,115,32,112,108,97,116,102,111,114,109,32,110,111,116,101,115,46,34,44,34,105,109,97,103,101,34,58,34,104,116,116,112,115,58,47,47,101,120,97,109,112,108,101,46,116,101,115,116,47,97,118,97,116,97,114,115,47,97,110,110,97,46,112,110,103,34,44,34,102,111,108,108,111,119,105,110,103,34,58,102,97,108,115,101,125,125,125"
expect_visible text:"Network matrix"
reject_task "http:send:article-comments" "roc-http-error-v1\nnetwork\n111,102,102,108,105,110,101"
expect_visible text:"Request failed: network: offline"

navigate "/roc-signals/examples/conduit/#/article/article-network-failure"
expect_pending_task "http:send:article" 1
reject_task "http:send:article" "roc-http-error-v1\nnetwork\n111,102,102,108,105,110,101"
expect_visible text:"Request failed: network: offline"

navigate "/roc-signals/examples/conduit/#/"
expect_pending_task "http:send:feed" 1
expect_pending_task "http:send:tags" 1
reject_task "http:send:tags" "roc-http-error-v1\nnetwork\n111,102,102,108,105,110,101"
expect_visible text:"Tags are unavailable."
reject_task "http:send:feed" "roc-http-error-v1\nnetwork\n111,102,102,108,105,110,101"
expect_visible text:"Request failed: network: offline"

navigate "/roc-signals/examples/conduit/#/profile/profile-network-failure"
expect_pending_task "http:send:profile" 1
reject_task "http:send:profile" "roc-http-error-v1\nnetwork\n111,102,102,108,105,110,101"
expect_visible text:"Request failed: network: offline"

navigate "/roc-signals/examples/conduit/#/profile/anna"
expect_pending_task "http:send:profile" 1
expect_pending_task "http:send:profile-articles" 1
resolve_task "http:send:profile" "roc-http-response-v1\n200\n0\n123,34,112,114,111,102,105,108,101,34,58,123,34,117,115,101,114,110,97,109,101,34,58,34,97,110,110,97,34,44,34,98,105,111,34,58,34,83,105,103,110,97,108,115,32,112,108,97,116,102,111,114,109,32,110,111,116,101,115,46,34,44,34,105,109,97,103,101,34,58,34,104,116,116,112,115,58,47,47,101,120,97,109,112,108,101,46,116,101,115,116,47,97,118,97,116,97,114,115,47,97,110,110,97,46,112,110,103,34,44,34,102,111,108,108,111,119,105,110,103,34,58,102,97,108,115,101,125,125"
expect_visible text:"@anna"
reject_task "http:send:profile-articles" "roc-http-error-v1\nnetwork\n111,102,102,108,105,110,101"
expect_visible text:"Request failed: network: offline"

navigate "/roc-signals/examples/conduit/#/editor/network-matrix"
expect_document_title "Edit article - Conduit"
expect_pending_task "http:send:editor-load" 1
reject_task "http:send:editor-load" "roc-http-error-v1\nnetwork\n111,102,102,108,105,110,101"
expect_visible text:"Request failed: network: offline"

# --- Profile page: profile card plus author articles, then favorites tab ---
navigate "/roc-signals/examples/conduit/#/profile/anna"
expect_document_title "@anna - Conduit"
expect_pending_task "http:send:profile" 1
expect_pending_task "http:send:profile-articles" 1
expect_visible text:"Loading profile..."
resolve_task "http:send:profile" "roc-http-response-v1\n200\n0\n123,34,112,114,111,102,105,108,101,34,58,123,34,117,115,101,114,110,97,109,101,34,58,34,97,110,110,97,34,44,34,98,105,111,34,58,34,83,105,103,110,97,108,115,32,112,108,97,116,102,111,114,109,32,110,111,116,101,115,46,34,44,34,105,109,97,103,101,34,58,34,104,116,116,112,115,58,47,47,101,120,97,109,112,108,101,46,116,101,115,116,47,97,118,97,116,97,114,115,47,97,110,110,97,46,112,110,103,34,44,34,102,111,108,108,111,119,105,110,103,34,58,102,97,108,115,101,125,125"
expect_visible text:"@anna"
expect_visible text:"Signals platform notes."
expect_visible role:button name:"Follow anna"
click role:button name:"Follow anna"
expect_pending_task "http:send:profile-follow" 1
resolve_task "http:send:profile-follow" "roc-http-response-v1\n200\n0\n123,34,112,114,111,102,105,108,101,34,58,123,34,117,115,101,114,110,97,109,101,34,58,34,97,110,110,97,34,44,34,98,105,111,34,58,34,83,105,103,110,97,108,115,32,112,108,97,116,102,111,114,109,32,110,111,116,101,115,46,34,44,34,105,109,97,103,101,34,58,34,104,116,116,112,115,58,47,47,101,120,97,109,112,108,101,46,116,101,115,116,47,97,118,97,116,97,114,115,47,97,110,110,97,46,112,110,103,34,44,34,102,111,108,108,111,119,105,110,103,34,58,116,114,117,101,125,125"
expect_pending_task "http:send:profile" 1
resolve_task "http:send:profile" "roc-http-response-v1\n200\n0\n123,34,112,114,111,102,105,108,101,34,58,123,34,117,115,101,114,110,97,109,101,34,58,34,97,110,110,97,34,44,34,98,105,111,34,58,34,83,105,103,110,97,108,115,32,112,108,97,116,102,111,114,109,32,110,111,116,101,115,46,34,44,34,105,109,97,103,101,34,58,34,104,116,116,112,115,58,47,47,101,120,97,109,112,108,101,46,116,101,115,116,47,97,118,97,116,97,114,115,47,97,110,110,97,46,112,110,103,34,44,34,102,111,108,108,111,119,105,110,103,34,58,116,114,117,101,125,125"
expect_visible role:button name:"Unfollow anna"
click role:button name:"Unfollow anna"
expect_pending_task "http:send:profile-follow" 1
resolve_task "http:send:profile-follow" "roc-http-response-v1\n200\n0\n123,34,112,114,111,102,105,108,101,34,58,123,34,117,115,101,114,110,97,109,101,34,58,34,97,110,110,97,34,44,34,98,105,111,34,58,34,83,105,103,110,97,108,115,32,112,108,97,116,102,111,114,109,32,110,111,116,101,115,46,34,44,34,105,109,97,103,101,34,58,34,104,116,116,112,115,58,47,47,101,120,97,109,112,108,101,46,116,101,115,116,47,97,118,97,116,97,114,115,47,97,110,110,97,46,112,110,103,34,44,34,102,111,108,108,111,119,105,110,103,34,58,102,97,108,115,101,125,125"
expect_pending_task "http:send:profile" 1
resolve_task "http:send:profile" "roc-http-response-v1\n200\n0\n123,34,112,114,111,102,105,108,101,34,58,123,34,117,115,101,114,110,97,109,101,34,58,34,97,110,110,97,34,44,34,98,105,111,34,58,34,83,105,103,110,97,108,115,32,112,108,97,116,102,111,114,109,32,110,111,116,101,115,46,34,44,34,105,109,97,103,101,34,58,34,104,116,116,112,115,58,47,47,101,120,97,109,112,108,101,46,116,101,115,116,47,97,118,97,116,97,114,115,47,97,110,110,97,46,112,110,103,34,44,34,102,111,108,108,111,119,105,110,103,34,58,102,97,108,115,101,125,125"
expect_visible role:button name:"Follow anna"
resolve_task "http:send:profile-articles" "roc-http-response-v1\n200\n0\n123,34,97,114,116,105,99,108,101,115,34,58,91,123,34,115,108,117,103,34,58,34,107,101,121,101,100,45,108,105,115,116,115,45,119,105,116,104,111,117,116,45,116,101,97,114,115,34,44,34,116,105,116,108,101,34,58,34,75,101,121,101,100,32,108,105,115,116,115,32,119,105,116,104,111,117,116,32,116,101,97,114,115,34,44,34,100,101,115,99,114,105,112,116,105,111,110,34,58,34,70,105,101,108,100,32,110,111,116,101,115,32,111,110,32,115,116,97,98,108,101,32,114,111,119,32,105,100,101,110,116,105,116,121,46,34,44,34,116,97,103,76,105,115,116,34,58,91,34,115,105,103,110,97,108,115,34,44,34,119,101,98,100,101,118,34,93,44,34,99,114,101,97,116,101,100,65,116,34,58,34,50,48,50,54,45,48,54,45,48,49,84,48,56,58,48,48,58,48,48,46,48,48,48,90,34,44,34,102,97,118,111,114,105,116,101,100,34,58,102,97,108,115,101,44,34,102,97,118,111,114,105,116,101,115,67,111,117,110,116,34,58,50,44,34,97,117,116,104,111,114,34,58,123,34,117,115,101,114,110,97,109,101,34,58,34,97,110,110,97,34,44,34,98,105,111,34,58,34,83,105,103,110,97,108,115,32,112,108,97,116,102,111,114,109,32,110,111,116,101,115,46,34,44,34,105,109,97,103,101,34,58,34,104,116,116,112,115,58,47,47,101,120,97,109,112,108,101,46,116,101,115,116,47,97,118,97,116,97,114,115,47,97,110,110,97,46,112,110,103,34,44,34,102,111,108,108,111,119,105,110,103,34,58,102,97,108,115,101,125,125,44,123,34,115,108,117,103,34,58,34,108,97,116,101,115,116,45,119,105,110,115,45,114,101,113,117,101,115,116,115,34,44,34,116,105,116,108,101,34,58,34,76,97,116,101,115,116,45,119,105,110,115,32,114,101,113,117,101,115,116,32,114,101,112,108,97,99,101,109,101,110,116,34,44,34,100,101,115,99,114,105,112,116,105,111,110,34,58,34,79,110,108,121,32,116,104,101,32,110,101,119,101,115,116,32,114,101,113,117,101,115,116,32,109,97,121,32,108,97,110,100,46,34,44,34,116,97,103,76,105,115,116,34,58,91,34,112,101,114,102,111,114,109,97,110,99,101,34,93,44,34,99,114,101,97,116,101,100,65,116,34,58,34,50,48,50,54,45,48,54,45,48,51,84,48,56,58,48,48,58,48,48,46,48,48,48,90,34,44,34,102,97,118,111,114,105,116,101,100,34,58,102,97,108,115,101,44,34,102,97,118,111,114,105,116,101,115,67,111,117,110,116,34,58,49,44,34,97,117,116,104,111,114,34,58,123,34,117,115,101,114,110,97,109,101,34,58,34,97,110,110,97,34,44,34,98,105,111,34,58,34,83,105,103,110,97,108,115,32,112,108,97,116,102,111,114,109,32,110,111,116,101,115,46,34,44,34,105,109,97,103,101,34,58,34,104,116,116,112,115,58,47,47,101,120,97,109,112,108,101,46,116,101,115,116,47,97,118,97,116,97,114,115,47,97,110,110,97,46,112,110,103,34,44,34,102,111,108,108,111,119,105,110,103,34,58,102,97,108,115,101,125,125,93,44,34,97,114,116,105,99,108,101,115,67,111,117,110,116,34,58,50,125"
expect_visible text:"Keyed lists without tears"
expect_visible text:"Latest-wins request replacement"

click role:link name:"Favorited Articles"
expect_current_location "/roc-signals/examples/conduit/#/profile/anna/favorites"
expect_document_title "@anna favorites - Conduit"
expect_pending_task "http:send:profile" 1
expect_pending_task "http:send:profile-articles" 1
resolve_task "http:send:profile" "roc-http-response-v1\n200\n0\n123,34,112,114,111,102,105,108,101,34,58,123,34,117,115,101,114,110,97,109,101,34,58,34,97,110,110,97,34,44,34,98,105,111,34,58,34,83,105,103,110,97,108,115,32,112,108,97,116,102,111,114,109,32,110,111,116,101,115,46,34,44,34,105,109,97,103,101,34,58,34,104,116,116,112,115,58,47,47,101,120,97,109,112,108,101,46,116,101,115,116,47,97,118,97,116,97,114,115,47,97,110,110,97,46,112,110,103,34,44,34,102,111,108,108,111,119,105,110,103,34,58,102,97,108,115,101,125,125"
resolve_task "http:send:profile-articles" "roc-http-response-v1\n200\n0\n123,34,97,114,116,105,99,108,101,115,34,58,91,123,34,115,108,117,103,34,58,34,100,101,101,112,45,108,105,110,107,115,45,116,104,97,116,45,115,117,114,118,105,118,101,34,44,34,116,105,116,108,101,34,58,34,68,101,101,112,32,108,105,110,107,115,32,116,104,97,116,32,115,117,114,118,105,118,101,32,114,101,108,111,97,100,115,34,44,34,100,101,115,99,114,105,112,116,105,111,110,34,58,34,82,111,117,116,105,110,103,32,116,104,97,116,32,111,119,110,115,32,105,116,115,32,85,82,76,115,46,34,44,34,116,97,103,76,105,115,116,34,58,91,34,114,101,108,101,97,115,101,34,93,44,34,99,114,101,97,116,101,100,65,116,34,58,34,50,48,50,54,45,48,54,45,48,52,84,48,56,58,48,48,58,48,48,46,48,48,48,90,34,44,34,102,97,118,111,114,105,116,101,100,34,58,102,97,108,115,101,44,34,102,97,118,111,114,105,116,101,115,67,111,117,110,116,34,58,51,44,34,97,117,116,104,111,114,34,58,123,34,117,115,101,114,110,97,109,101,34,58,34,109,97,120,34,44,34,98,105,111,34,58,34,81,117,101,117,101,115,32,97,110,100,32,108,97,116,101,110,99,121,46,34,44,34,105,109,97,103,101,34,58,34,104,116,116,112,115,58,47,47,101,120,97,109,112,108,101,46,116,101,115,116,47,97,118,97,116,97,114,115,47,109,97,120,46,112,110,103,34,44,34,102,111,108,108,111,119,105,110,103,34,58,102,97,108,115,101,125,125,93,44,34,97,114,116,105,99,108,101,115,67,111,117,110,116,34,58,49,125"
expect_visible text:"Deep links that survive reloads"

# --- Back/forward stay in sync across live pages ---
history_back
expect_current_location "/roc-signals/examples/conduit/#/profile/anna"
expect_document_title "@anna - Conduit"
expect_pending_task "http:send:profile" 1
resolve_task "http:send:profile" "roc-http-response-v1\n200\n0\n123,34,112,114,111,102,105,108,101,34,58,123,34,117,115,101,114,110,97,109,101,34,58,34,97,110,110,97,34,44,34,98,105,111,34,58,34,83,105,103,110,97,108,115,32,112,108,97,116,102,111,114,109,32,110,111,116,101,115,46,34,44,34,105,109,97,103,101,34,58,34,104,116,116,112,115,58,47,47,101,120,97,109,112,108,101,46,116,101,115,116,47,97,118,97,116,97,114,115,47,97,110,110,97,46,112,110,103,34,44,34,102,111,108,108,111,119,105,110,103,34,58,102,97,108,115,101,125,125"
resolve_task "http:send:profile-articles" "roc-http-response-v1\n200\n0\n123,34,97,114,116,105,99,108,101,115,34,58,91,123,34,115,108,117,103,34,58,34,107,101,121,101,100,45,108,105,115,116,115,45,119,105,116,104,111,117,116,45,116,101,97,114,115,34,44,34,116,105,116,108,101,34,58,34,75,101,121,101,100,32,108,105,115,116,115,32,119,105,116,104,111,117,116,32,116,101,97,114,115,34,44,34,100,101,115,99,114,105,112,116,105,111,110,34,58,34,70,105,101,108,100,32,110,111,116,101,115,32,111,110,32,115,116,97,98,108,101,32,114,111,119,32,105,100,101,110,116,105,116,121,46,34,44,34,116,97,103,76,105,115,116,34,58,91,34,115,105,103,110,97,108,115,34,44,34,119,101,98,100,101,118,34,93,44,34,99,114,101,97,116,101,100,65,116,34,58,34,50,48,50,54,45,48,54,45,48,49,84,48,56,58,48,48,58,48,48,46,48,48,48,90,34,44,34,102,97,118,111,114,105,116,101,100,34,58,102,97,108,115,101,44,34,102,97,118,111,114,105,116,101,115,67,111,117,110,116,34,58,50,44,34,97,117,116,104,111,114,34,58,123,34,117,115,101,114,110,97,109,101,34,58,34,97,110,110,97,34,44,34,98,105,111,34,58,34,83,105,103,110,97,108,115,32,112,108,97,116,102,111,114,109,32,110,111,116,101,115,46,34,44,34,105,109,97,103,101,34,58,34,104,116,116,112,115,58,47,47,101,120,97,109,112,108,101,46,116,101,115,116,47,97,118,97,116,97,114,115,47,97,110,110,97,46,112,110,103,34,44,34,102,111,108,108,111,119,105,110,103,34,58,102,97,108,115,101,125,125,44,123,34,115,108,117,103,34,58,34,108,97,116,101,115,116,45,119,105,110,115,45,114,101,113,117,101,115,116,115,34,44,34,116,105,116,108,101,34,58,34,76,97,116,101,115,116,45,119,105,110,115,32,114,101,113,117,101,115,116,32,114,101,112,108,97,99,101,109,101,110,116,34,44,34,100,101,115,99,114,105,112,116,105,111,110,34,58,34,79,110,108,121,32,116,104,101,32,110,101,119,101,115,116,32,114,101,113,117,101,115,116,32,109,97,121,32,108,97,110,100,46,34,44,34,116,97,103,76,105,115,116,34,58,91,34,112,101,114,102,111,114,109,97,110,99,101,34,93,44,34,99,114,101,97,116,101,100,65,116,34,58,34,50,48,50,54,45,48,54,45,48,51,84,48,56,58,48,48,58,48,48,46,48,48,48,90,34,44,34,102,97,118,111,114,105,116,101,100,34,58,102,97,108,115,101,44,34,102,97,118,111,114,105,116,101,115,67,111,117,110,116,34,58,49,44,34,97,117,116,104,111,114,34,58,123,34,117,115,101,114,110,97,109,101,34,58,34,97,110,110,97,34,44,34,98,105,111,34,58,34,83,105,103,110,97,108,115,32,112,108,97,116,102,111,114,109,32,110,111,116,101,115,46,34,44,34,105,109,97,103,101,34,58,34,104,116,116,112,115,58,47,47,101,120,97,109,112,108,101,46,116,101,115,116,47,97,118,97,116,97,114,115,47,97,110,110,97,46,112,110,103,34,44,34,102,111,108,108,111,119,105,110,103,34,58,102,97,108,115,101,125,125,93,44,34,97,114,116,105,99,108,101,115,67,111,117,110,116,34,58,50,125"
expect_visible text:"Keyed lists without tears"

history_forward
expect_current_location "/roc-signals/examples/conduit/#/profile/anna/favorites"
expect_document_title "@anna favorites - Conduit"
expect_pending_task "http:send:profile" 1
expect_pending_task "http:send:profile-articles" 1

# --- Your Feed tab drives the authenticated feed endpoint ---
navigate "/roc-signals/examples/conduit/#/?feed=yours"
expect_current_location "/roc-signals/examples/conduit/#/?feed=yours"
expect_visible role:link name:"Your Feed"
expect_pending_task "http:send:feed" 1
resolve_task "http:send:feed" "roc-http-response-v1\n200\n0\n123,34,97,114,116,105,99,108,101,115,34,58,91,123,34,115,108,117,103,34,58,34,107,101,121,101,100,45,108,105,115,116,115,45,119,105,116,104,111,117,116,45,116,101,97,114,115,34,44,34,116,105,116,108,101,34,58,34,75,101,121,101,100,32,108,105,115,116,115,32,119,105,116,104,111,117,116,32,116,101,97,114,115,34,44,34,100,101,115,99,114,105,112,116,105,111,110,34,58,34,70,105,101,108,100,32,110,111,116,101,115,32,111,110,32,115,116,97,98,108,101,32,114,111,119,32,105,100,101,110,116,105,116,121,46,34,44,34,116,97,103,76,105,115,116,34,58,91,34,115,105,103,110,97,108,115,34,44,34,119,101,98,100,101,118,34,93,44,34,99,114,101,97,116,101,100,65,116,34,58,34,50,48,50,54,45,48,54,45,48,49,84,48,56,58,48,48,58,48,48,46,48,48,48,90,34,44,34,102,97,118,111,114,105,116,101,100,34,58,102,97,108,115,101,44,34,102,97,118,111,114,105,116,101,115,67,111,117,110,116,34,58,50,44,34,97,117,116,104,111,114,34,58,123,34,117,115,101,114,110,97,109,101,34,58,34,97,110,110,97,34,44,34,98,105,111,34,58,34,83,105,103,110,97,108,115,32,112,108,97,116,102,111,114,109,32,110,111,116,101,115,46,34,44,34,105,109,97,103,101,34,58,34,104,116,116,112,115,58,47,47,101,120,97,109,112,108,101,46,116,101,115,116,47,97,118,97,116,97,114,115,47,97,110,110,97,46,112,110,103,34,44,34,102,111,108,108,111,119,105,110,103,34,58,102,97,108,115,101,125,125,44,123,34,115,108,117,103,34,58,34,108,97,116,101,115,116,45,119,105,110,115,45,114,101,113,117,101,115,116,115,34,44,34,116,105,116,108,101,34,58,34,76,97,116,101,115,116,45,119,105,110,115,32,114,101,113,117,101,115,116,32,114,101,112,108,97,99,101,109,101,110,116,34,44,34,100,101,115,99,114,105,112,116,105,111,110,34,58,34,79,110,108,121,32,116,104,101,32,110,101,119,101,115,116,32,114,101,113,117,101,115,116,32,109,97,121,32,108,97,110,100,46,34,44,34,116,97,103,76,105,115,116,34,58,91,34,112,101,114,102,111,114,109,97,110,99,101,34,93,44,34,99,114,101,97,116,101,100,65,116,34,58,34,50,48,50,54,45,48,54,45,48,51,84,48,56,58,48,48,58,48,48,46,48,48,48,90,34,44,34,102,97,118,111,114,105,116,101,100,34,58,102,97,108,115,101,44,34,102,97,118,111,114,105,116,101,115,67,111,117,110,116,34,58,49,44,34,97,117,116,104,111,114,34,58,123,34,117,115,101,114,110,97,109,101,34,58,34,97,110,110,97,34,44,34,98,105,111,34,58,34,83,105,103,110,97,108,115,32,112,108,97,116,102,111,114,109,32,110,111,116,101,115,46,34,44,34,105,109,97,103,101,34,58,34,104,116,116,112,115,58,47,47,101,120,97,109,112,108,101,46,116,101,115,116,47,97,118,97,116,97,114,115,47,97,110,110,97,46,112,110,103,34,44,34,102,111,108,108,111,119,105,110,103,34,58,102,97,108,115,101,125,125,93,44,34,97,114,116,105,99,108,101,115,67,111,117,110,116,34,58,50,125"
expect_visible text:"Keyed lists without tears"

# --- Settings: authed update, then sign out clears the namespaced keys ---
navigate "/roc-signals/examples/conduit/#/settings"
expect_document_title "Settings - Conduit"
expect_visible role:heading name:"Settings"
expect_visible text:"Signed in as kim"
click role:button name:"Update Settings"
expect_pending_task "http:send:settings" 1
resolve_task "http:send:settings" "roc-http-response-v1\n422\n0\n123,34,101,114,114,111,114,115,34,58,123,34,98,111,100,121,34,58,91,34,109,117,115,116,32,117,112,100,97,116,101,32,97,116,32,108,101,97,115,116,32,111,110,101,32,102,105,101,108,100,34,93,125,125"
expect_visible text:"body must update at least one field"
fill label:"Email" "kim@new.test"
click role:button name:"Update Settings"
expect_pending_task "http:send:settings" 1
resolve_task "http:send:settings" "roc-http-response-v1\n200\n0\n123,34,117,115,101,114,34,58,123,34,101,109,97,105,108,34,58,34,107,105,109,64,99,111,110,100,117,105,116,46,116,101,115,116,34,44,34,116,111,107,101,110,34,58,34,106,119,116,46,99,111,110,100,117,105,116,46,107,105,109,34,44,34,117,115,101,114,110,97,109,101,34,58,34,107,105,109,34,44,34,98,105,111,34,58,34,82,101,97,100,101,114,46,34,44,34,105,109,97,103,101,34,58,34,34,125,125"
expect_visible text:"Settings saved."

click role:button name:"Sign out"
expect_no_local_storage "conduit.jwt"
expect_no_local_storage "conduit.username"
expect_current_location "/roc-signals/examples/conduit/#/login"
expect_visible role:link name:"Sign in"
expect_absent role:link name:"Settings"

# --- Register: 422 envelope renders all required fields ---
navigate "/roc-signals/examples/conduit/#/register"
expect_document_title "Sign up - Conduit"
expect_visible role:heading name:"Sign up"
click role:button name:"Sign up"
expect_pending_task "http:send:register" 1
resolve_task "http:send:register" "roc-http-response-v1\n422\n0\n123,34,101,114,114,111,114,115,34,58,123,34,117,115,101,114,110,97,109,101,34,58,91,34,99,97,110,39,116,32,98,101,32,98,108,97,110,107,34,93,44,34,101,109,97,105,108,34,58,91,34,99,97,110,39,116,32,98,101,32,98,108,97,110,107,34,93,44,34,112,97,115,115,119,111,114,100,34,58,91,34,99,97,110,39,116,32,98,101,32,98,108,97,110,107,34,93,125,125"
expect_visible text:"username can't be blank"
expect_visible text:"email can't be blank"
expect_visible text:"password can't be blank"

# --- Guarded routes redirect anonymous visitors to sign in ---
navigate "/roc-signals/examples/conduit/#/settings"
expect_current_location "/roc-signals/examples/conduit/#/login"
navigate "/roc-signals/examples/conduit/#/editor"
expect_current_location "/roc-signals/examples/conduit/#/login"

# --- Login: 422 envelope renders, success persists the session ---
fill label:"Email" "kim@conduit.test"
fill label:"Password" "wrong"
click role:button name:"Sign in"
expect_pending_task "http:send:login" 1
resolve_task "http:send:login" "roc-http-response-v1\n422\n0\n123,34,101,114,114,111,114,115,34,58,123,34,101,109,97,105,108,32,111,114,32,112,97,115,115,119,111,114,100,34,58,91,34,105,115,32,105,110,118,97,108,105,100,34,93,125,125"
expect_visible text:"email or password is invalid"

fill label:"Password" "secret-kim"
click role:button name:"Sign in"
expect_pending_task "http:send:login" 1
resolve_task "http:send:login" "roc-http-response-v1\n200\n0\n123,34,117,115,101,114,34,58,123,34,101,109,97,105,108,34,58,34,107,105,109,64,99,111,110,100,117,105,116,46,116,101,115,116,34,44,34,116,111,107,101,110,34,58,34,106,119,116,46,99,111,110,100,117,105,116,46,107,105,109,34,44,34,117,115,101,114,110,97,109,101,34,58,34,107,105,109,34,44,34,98,105,111,34,58,34,82,101,97,100,101,114,46,34,44,34,105,109,97,103,101,34,58,34,34,125,125"
expect_local_storage "conduit.jwt" "jwt.conduit.kim"
expect_local_storage "conduit.username" "kim"
expect_current_location "/roc-signals/examples/conduit/#/"
expect_visible role:link name:"kim"
expect_pending_task "http:send:feed" 1
resolve_task "http:send:feed" "roc-http-response-v1\n200\n0\n123,34,97,114,116,105,99,108,101,115,34,58,91,123,34,115,108,117,103,34,58,34,107,101,121,101,100,45,108,105,115,116,115,45,119,105,116,104,111,117,116,45,116,101,97,114,115,34,44,34,116,105,116,108,101,34,58,34,75,101,121,101,100,32,108,105,115,116,115,32,119,105,116,104,111,117,116,32,116,101,97,114,115,34,44,34,100,101,115,99,114,105,112,116,105,111,110,34,58,34,70,105,101,108,100,32,110,111,116,101,115,32,111,110,32,115,116,97,98,108,101,32,114,111,119,32,105,100,101,110,116,105,116,121,46,34,44,34,116,97,103,76,105,115,116,34,58,91,34,115,105,103,110,97,108,115,34,44,34,119,101,98,100,101,118,34,93,44,34,99,114,101,97,116,101,100,65,116,34,58,34,50,48,50,54,45,48,54,45,48,49,84,48,56,58,48,48,58,48,48,46,48,48,48,90,34,44,34,102,97,118,111,114,105,116,101,100,34,58,102,97,108,115,101,44,34,102,97,118,111,114,105,116,101,115,67,111,117,110,116,34,58,50,44,34,97,117,116,104,111,114,34,58,123,34,117,115,101,114,110,97,109,101,34,58,34,97,110,110,97,34,44,34,98,105,111,34,58,34,83,105,103,110,97,108,115,32,112,108,97,116,102,111,114,109,32,110,111,116,101,115,46,34,44,34,105,109,97,103,101,34,58,34,104,116,116,112,115,58,47,47,101,120,97,109,112,108,101,46,116,101,115,116,47,97,118,97,116,97,114,115,47,97,110,110,97,46,112,110,103,34,44,34,102,111,108,108,111,119,105,110,103,34,58,102,97,108,115,101,125,125,44,123,34,115,108,117,103,34,58,34,98,117,100,103,101,116,105,110,103,45,112,97,116,99,104,101,115,34,44,34,116,105,116,108,101,34,58,34,66,117,100,103,101,116,105,110,103,32,112,97,116,99,104,101,115,32,112,101,114,32,105,110,116,101,114,97,99,116,105,111,110,34,44,34,100,101,115,99,114,105,112,116,105,111,110,34,58,34,67,111,117,110,116,105,110,103,32,116,104,101,32,119,111,114,107,32,101,97,99,104,32,99,108,105,99,107,32,100,111,101,115,46,34,44,34,116,97,103,76,105,115,116,34,58,91,34,114,111,99,34,93,44,34,99,114,101,97,116,101,100,65,116,34,58,34,50,48,50,54,45,48,54,45,48,50,84,48,56,58,48,48,58,48,48,46,48,48,48,90,34,44,34,102,97,118,111,114,105,116,101,100,34,58,102,97,108,115,101,44,34,102,97,118,111,114,105,116,101,115,67,111,117,110,116,34,58,48,44,34,97,117,116,104,111,114,34,58,123,34,117,115,101,114,110,97,109,101,34,58,34,109,97,120,34,44,34,98,105,111,34,58,34,81,117,101,117,101,115,32,97,110,100,32,108,97,116,101,110,99,121,46,34,44,34,105,109,97,103,101,34,58,34,104,116,116,112,115,58,47,47,101,120,97,109,112,108,101,46,116,101,115,116,47,97,118,97,116,97,114,115,47,109,97,120,46,112,110,103,34,44,34,102,111,108,108,111,119,105,110,103,34,58,102,97,108,115,101,125,125,44,123,34,115,108,117,103,34,58,34,108,97,116,101,115,116,45,119,105,110,115,45,114,101,113,117,101,115,116,115,34,44,34,116,105,116,108,101,34,58,34,76,97,116,101,115,116,45,119,105,110,115,32,114,101,113,117,101,115,116,32,114,101,112,108,97,99,101,109,101,110,116,34,44,34,100,101,115,99,114,105,112,116,105,111,110,34,58,34,79,110,108,121,32,116,104,101,32,110,101,119,101,115,116,32,114,101,113,117,101,115,116,32,109,97,121,32,108,97,110,100,46,34,44,34,116,97,103,76,105,115,116,34,58,91,34,112,101,114,102,111,114,109,97,110,99,101,34,93,44,34,99,114,101,97,116,101,100,65,116,34,58,34,50,48,50,54,45,48,54,45,48,51,84,48,56,58,48,48,58,48,48,46,48,48,48,90,34,44,34,102,97,118,111,114,105,116,101,100,34,58,102,97,108,115,101,44,34,102,97,118,111,114,105,116,101,115,67,111,117,110,116,34,58,49,44,34,97,117,116,104,111,114,34,58,123,34,117,115,101,114,110,97,109,101,34,58,34,97,110,110,97,34,44,34,98,105,111,34,58,34,83,105,103,110,97,108,115,32,112,108,97,116,102,111,114,109,32,110,111,116,101,115,46,34,44,34,105,109,97,103,101,34,58,34,104,116,116,112,115,58,47,47,101,120,97,109,112,108,101,46,116,101,115,116,47,97,118,97,116,97,114,115,47,97,110,110,97,46,112,110,103,34,44,34,102,111,108,108,111,119,105,110,103,34,58,102,97,108,115,101,125,125,93,44,34,97,114,116,105,99,108,101,115,67,111,117,110,116,34,58,50,51,125"
expect_visible role:link name:"Your Feed"

# --- Article writes: editor create/edit, comments, and delete ---
navigate "/roc-signals/examples/conduit/#/editor/keyed-lists-without-tears"
expect_document_title "Edit article - Conduit"
expect_visible role:heading name:"Edit article"
expect_pending_task "http:send:editor-load" 1
resolve_task "http:send:editor-load" "roc-http-response-v1\n200\n0\n123,34,97,114,116,105,99,108,101,34,58,123,34,115,108,117,103,34,58,34,107,101,121,101,100,45,108,105,115,116,115,45,119,105,116,104,111,117,116,45,116,101,97,114,115,34,44,34,116,105,116,108,101,34,58,34,75,101,121,101,100,32,108,105,115,116,115,32,119,105,116,104,111,117,116,32,116,101,97,114,115,34,44,34,100,101,115,99,114,105,112,116,105,111,110,34,58,34,70,105,101,108,100,32,110,111,116,101,115,32,111,110,32,115,116,97,98,108,101,32,114,111,119,32,105,100,101,110,116,105,116,121,46,34,44,34,98,111,100,121,34,58,34,82,111,119,115,32,115,116,97,121,32,97,116,116,97,99,104,101,100,32,116,111,32,116,104,101,105,114,32,115,105,103,110,97,108,115,46,34,44,34,116,97,103,76,105,115,116,34,58,91,34,115,105,103,110,97,108,115,34,44,34,119,101,98,100,101,118,34,93,44,34,99,114,101,97,116,101,100,65,116,34,58,34,50,48,50,54,45,48,54,45,48,49,84,48,56,58,48,48,58,48,48,46,48,48,48,90,34,44,34,102,97,118,111,114,105,116,101,100,34,58,102,97,108,115,101,44,34,102,97,118,111,114,105,116,101,115,67,111,117,110,116,34,58,50,44,34,97,117,116,104,111,114,34,58,123,34,117,115,101,114,110,97,109,101,34,58,34,97,110,110,97,34,44,34,98,105,111,34,58,34,83,105,103,110,97,108,115,32,112,108,97,116,102,111,114,109,32,110,111,116,101,115,46,34,44,34,105,109,97,103,101,34,58,34,104,116,116,112,115,58,47,47,101,120,97,109,112,108,101,46,116,101,115,116,47,97,118,97,116,97,114,115,47,97,110,110,97,46,112,110,103,34,44,34,102,111,108,108,111,119,105,110,103,34,58,102,97,108,115,101,125,125,125"
expect_visible text:"Current title: Keyed lists without tears"
expect_visible text:"Current tags: signals, webdev"
click role:button name:"Update Article"
expect_pending_task "http:send:editor" 1
resolve_task "http:send:editor" "roc-http-response-v1\n422\n0\n123,34,101,114,114,111,114,115,34,58,123,34,98,111,100,121,34,58,91,34,109,117,115,116,32,99,104,97,110,103,101,32,97,116,32,108,101,97,115,116,32,111,110,101,32,102,105,101,108,100,34,93,125,125"
expect_visible text:"body must change at least one field"
fill label:"Title" "Edited conduit article"
click role:button name:"Update Article"
expect_pending_task "http:send:editor" 1
resolve_task "http:send:editor" "roc-http-response-v1\n200\n0\n123,34,97,114,116,105,99,108,101,34,58,123,34,115,108,117,103,34,58,34,101,100,105,116,101,100,45,99,111,110,100,117,105,116,45,97,114,116,105,99,108,101,34,44,34,116,105,116,108,101,34,58,34,69,100,105,116,101,100,32,99,111,110,100,117,105,116,32,97,114,116,105,99,108,101,34,44,34,100,101,115,99,114,105,112,116,105,111,110,34,58,34,70,105,101,108,100,32,110,111,116,101,115,32,111,110,32,115,116,97,98,108,101,32,114,111,119,32,105,100,101,110,116,105,116,121,46,34,44,34,98,111,100,121,34,58,34,82,111,119,115,32,115,116,97,121,32,97,116,116,97,99,104,101,100,32,116,111,32,116,104,101,105,114,32,115,105,103,110,97,108,115,46,34,44,34,116,97,103,76,105,115,116,34,58,91,34,115,105,103,110,97,108,115,34,44,34,119,101,98,100,101,118,34,93,44,34,99,114,101,97,116,101,100,65,116,34,58,34,50,48,50,54,45,48,54,45,48,49,84,48,56,58,48,48,58,48,48,46,48,48,48,90,34,44,34,102,97,118,111,114,105,116,101,100,34,58,102,97,108,115,101,44,34,102,97,118,111,114,105,116,101,115,67,111,117,110,116,34,58,50,44,34,97,117,116,104,111,114,34,58,123,34,117,115,101,114,110,97,109,101,34,58,34,97,110,110,97,34,44,34,98,105,111,34,58,34,83,105,103,110,97,108,115,32,112,108,97,116,102,111,114,109,32,110,111,116,101,115,46,34,44,34,105,109,97,103,101,34,58,34,104,116,116,112,115,58,47,47,101,120,97,109,112,108,101,46,116,101,115,116,47,97,118,97,116,97,114,115,47,97,110,110,97,46,112,110,103,34,44,34,102,111,108,108,111,119,105,110,103,34,58,102,97,108,115,101,125,125,125"
expect_current_location "/roc-signals/examples/conduit/#/article/edited-conduit-article"
expect_pending_task "http:send:article" 1
resolve_task "http:send:article" "roc-http-response-v1\n200\n0\n123,34,97,114,116,105,99,108,101,34,58,123,34,115,108,117,103,34,58,34,101,100,105,116,101,100,45,99,111,110,100,117,105,116,45,97,114,116,105,99,108,101,34,44,34,116,105,116,108,101,34,58,34,69,100,105,116,101,100,32,99,111,110,100,117,105,116,32,97,114,116,105,99,108,101,34,44,34,100,101,115,99,114,105,112,116,105,111,110,34,58,34,70,105,101,108,100,32,110,111,116,101,115,32,111,110,32,115,116,97,98,108,101,32,114,111,119,32,105,100,101,110,116,105,116,121,46,34,44,34,98,111,100,121,34,58,34,82,111,119,115,32,115,116,97,121,32,97,116,116,97,99,104,101,100,32,116,111,32,116,104,101,105,114,32,115,105,103,110,97,108,115,46,34,44,34,116,97,103,76,105,115,116,34,58,91,34,115,105,103,110,97,108,115,34,44,34,119,101,98,100,101,118,34,93,44,34,99,114,101,97,116,101,100,65,116,34,58,34,50,48,50,54,45,48,54,45,48,49,84,48,56,58,48,48,58,48,48,46,48,48,48,90,34,44,34,102,97,118,111,114,105,116,101,100,34,58,102,97,108,115,101,44,34,102,97,118,111,114,105,116,101,115,67,111,117,110,116,34,58,50,44,34,97,117,116,104,111,114,34,58,123,34,117,115,101,114,110,97,109,101,34,58,34,97,110,110,97,34,44,34,98,105,111,34,58,34,83,105,103,110,97,108,115,32,112,108,97,116,102,111,114,109,32,110,111,116,101,115,46,34,44,34,105,109,97,103,101,34,58,34,104,116,116,112,115,58,47,47,101,120,97,109,112,108,101,46,116,101,115,116,47,97,118,97,116,97,114,115,47,97,110,110,97,46,112,110,103,34,44,34,102,111,108,108,111,119,105,110,103,34,58,102,97,108,115,101,125,125,125"
expect_pending_task "http:send:article-comments" 1
resolve_task "http:send:article-comments" "roc-http-response-v1\n200\n0\n123,34,99,111,109,109,101,110,116,115,34,58,91,93,125"

navigate "/roc-signals/examples/conduit/#/editor"
expect_document_title "New article - Conduit"
expect_visible role:heading name:"New article"
click role:button name:"Publish Article"
expect_pending_task "http:send:editor" 1
resolve_task "http:send:editor" "roc-http-response-v1\n422\n0\n123,34,101,114,114,111,114,115,34,58,123,34,116,105,116,108,101,34,58,91,34,99,97,110,39,116,32,98,101,32,98,108,97,110,107,34,93,44,34,100,101,115,99,114,105,112,116,105,111,110,34,58,91,34,99,97,110,39,116,32,98,101,32,98,108,97,110,107,34,93,44,34,98,111,100,121,34,58,91,34,99,97,110,39,116,32,98,101,32,98,108,97,110,107,34,93,125,125"
expect_visible text:"title can't be blank"
expect_visible text:"description can't be blank"
expect_visible text:"body can't be blank"
fill label:"Title" "Conduit write path"
fill label:"Description" "Server-confirmed mutation"
fill label:"Body" "Published only after the task resolves."
fill label:"Tags" "signals, realworld"
click role:button name:"Publish Article"
expect_pending_task "http:send:editor" 1
resolve_task "http:send:editor" "roc-http-response-v1\n201\n0\n123,34,97,114,116,105,99,108,101,34,58,123,34,115,108,117,103,34,58,34,99,111,110,100,117,105,116,45,119,114,105,116,101,45,112,97,116,104,34,44,34,116,105,116,108,101,34,58,34,67,111,110,100,117,105,116,32,119,114,105,116,101,32,112,97,116,104,34,44,34,100,101,115,99,114,105,112,116,105,111,110,34,58,34,83,101,114,118,101,114,45,99,111,110,102,105,114,109,101,100,32,109,117,116,97,116,105,111,110,34,44,34,98,111,100,121,34,58,34,80,117,98,108,105,115,104,101,100,32,111,110,108,121,32,97,102,116,101,114,32,116,104,101,32,116,97,115,107,32,114,101,115,111,108,118,101,115,46,34,44,34,116,97,103,76,105,115,116,34,58,91,34,115,105,103,110,97,108,115,34,44,34,114,101,97,108,119,111,114,108,100,34,93,44,34,99,114,101,97,116,101,100,65,116,34,58,34,50,48,50,54,45,48,55,45,48,49,84,48,56,58,48,48,58,48,48,46,48,48,48,90,34,44,34,102,97,118,111,114,105,116,101,100,34,58,102,97,108,115,101,44,34,102,97,118,111,114,105,116,101,115,67,111,117,110,116,34,58,48,44,34,97,117,116,104,111,114,34,58,123,34,117,115,101,114,110,97,109,101,34,58,34,107,105,109,34,44,34,98,105,111,34,58,34,82,101,97,100,101,114,46,34,44,34,105,109,97,103,101,34,58,34,34,44,34,102,111,108,108,111,119,105,110,103,34,58,102,97,108,115,101,125,125,125"
expect_current_location "/roc-signals/examples/conduit/#/article/conduit-write-path"
expect_document_title "conduit-write-path - Conduit"
expect_pending_task "http:send:article" 1
resolve_task "http:send:article" "roc-http-response-v1\n200\n0\n123,34,97,114,116,105,99,108,101,34,58,123,34,115,108,117,103,34,58,34,99,111,110,100,117,105,116,45,119,114,105,116,101,45,112,97,116,104,34,44,34,116,105,116,108,101,34,58,34,67,111,110,100,117,105,116,32,119,114,105,116,101,32,112,97,116,104,34,44,34,100,101,115,99,114,105,112,116,105,111,110,34,58,34,83,101,114,118,101,114,45,99,111,110,102,105,114,109,101,100,32,109,117,116,97,116,105,111,110,34,44,34,98,111,100,121,34,58,34,80,117,98,108,105,115,104,101,100,32,111,110,108,121,32,97,102,116,101,114,32,116,104,101,32,116,97,115,107,32,114,101,115,111,108,118,101,115,46,34,44,34,116,97,103,76,105,115,116,34,58,91,34,115,105,103,110,97,108,115,34,44,34,114,101,97,108,119,111,114,108,100,34,93,44,34,99,114,101,97,116,101,100,65,116,34,58,34,50,48,50,54,45,48,55,45,48,49,84,48,56,58,48,48,58,48,48,46,48,48,48,90,34,44,34,102,97,118,111,114,105,116,101,100,34,58,102,97,108,115,101,44,34,102,97,118,111,114,105,116,101,115,67,111,117,110,116,34,58,48,44,34,97,117,116,104,111,114,34,58,123,34,117,115,101,114,110,97,109,101,34,58,34,107,105,109,34,44,34,98,105,111,34,58,34,82,101,97,100,101,114,46,34,44,34,105,109,97,103,101,34,58,34,34,44,34,102,111,108,108,111,119,105,110,103,34,58,102,97,108,115,101,125,125,125"
expect_visible text:"Conduit write path"
expect_visible text:"Published only after the task resolves."
expect_pending_task "http:send:article-comments" 1
resolve_task "http:send:article-comments" "roc-http-response-v1\n200\n0\n123,34,99,111,109,109,101,110,116,115,34,58,91,93,125"
expect_visible role:button name:"Favorite Article (0)"
click role:button name:"Favorite Article (0)"
expect_pending_task "http:send:article-favorite" 1
resolve_task "http:send:article-favorite" "roc-http-response-v1\n200\n0\n123,34,97,114,116,105,99,108,101,34,58,123,34,115,108,117,103,34,58,34,99,111,110,100,117,105,116,45,119,114,105,116,101,45,112,97,116,104,34,44,34,116,105,116,108,101,34,58,34,67,111,110,100,117,105,116,32,119,114,105,116,101,32,112,97,116,104,34,44,34,100,101,115,99,114,105,112,116,105,111,110,34,58,34,83,101,114,118,101,114,45,99,111,110,102,105,114,109,101,100,32,109,117,116,97,116,105,111,110,34,44,34,98,111,100,121,34,58,34,80,117,98,108,105,115,104,101,100,32,111,110,108,121,32,97,102,116,101,114,32,116,104,101,32,116,97,115,107,32,114,101,115,111,108,118,101,115,46,34,44,34,116,97,103,76,105,115,116,34,58,91,34,115,105,103,110,97,108,115,34,44,34,114,101,97,108,119,111,114,108,100,34,93,44,34,99,114,101,97,116,101,100,65,116,34,58,34,50,48,50,54,45,48,55,45,48,49,84,48,56,58,48,48,58,48,48,46,48,48,48,90,34,44,34,102,97,118,111,114,105,116,101,100,34,58,116,114,117,101,44,34,102,97,118,111,114,105,116,101,115,67,111,117,110,116,34,58,49,44,34,97,117,116,104,111,114,34,58,123,34,117,115,101,114,110,97,109,101,34,58,34,107,105,109,34,44,34,98,105,111,34,58,34,82,101,97,100,101,114,46,34,44,34,105,109,97,103,101,34,58,34,34,44,34,102,111,108,108,111,119,105,110,103,34,58,102,97,108,115,101,125,125,125"
expect_pending_task "http:send:article" 1
resolve_task "http:send:article" "roc-http-response-v1\n200\n0\n123,34,97,114,116,105,99,108,101,34,58,123,34,115,108,117,103,34,58,34,99,111,110,100,117,105,116,45,119,114,105,116,101,45,112,97,116,104,34,44,34,116,105,116,108,101,34,58,34,67,111,110,100,117,105,116,32,119,114,105,116,101,32,112,97,116,104,34,44,34,100,101,115,99,114,105,112,116,105,111,110,34,58,34,83,101,114,118,101,114,45,99,111,110,102,105,114,109,101,100,32,109,117,116,97,116,105,111,110,34,44,34,98,111,100,121,34,58,34,80,117,98,108,105,115,104,101,100,32,111,110,108,121,32,97,102,116,101,114,32,116,104,101,32,116,97,115,107,32,114,101,115,111,108,118,101,115,46,34,44,34,116,97,103,76,105,115,116,34,58,91,34,115,105,103,110,97,108,115,34,44,34,114,101,97,108,119,111,114,108,100,34,93,44,34,99,114,101,97,116,101,100,65,116,34,58,34,50,48,50,54,45,48,55,45,48,49,84,48,56,58,48,48,58,48,48,46,48,48,48,90,34,44,34,102,97,118,111,114,105,116,101,100,34,58,116,114,117,101,44,34,102,97,118,111,114,105,116,101,115,67,111,117,110,116,34,58,49,44,34,97,117,116,104,111,114,34,58,123,34,117,115,101,114,110,97,109,101,34,58,34,107,105,109,34,44,34,98,105,111,34,58,34,82,101,97,100,101,114,46,34,44,34,105,109,97,103,101,34,58,34,34,44,34,102,111,108,108,111,119,105,110,103,34,58,102,97,108,115,101,125,125,125"
expect_visible role:button name:"Unfavorite Article (1)"
click role:button name:"Unfavorite Article (1)"
expect_pending_task "http:send:article-favorite" 1
resolve_task "http:send:article-favorite" "roc-http-response-v1\n200\n0\n123,34,97,114,116,105,99,108,101,34,58,123,34,115,108,117,103,34,58,34,99,111,110,100,117,105,116,45,119,114,105,116,101,45,112,97,116,104,34,44,34,116,105,116,108,101,34,58,34,67,111,110,100,117,105,116,32,119,114,105,116,101,32,112,97,116,104,34,44,34,100,101,115,99,114,105,112,116,105,111,110,34,58,34,83,101,114,118,101,114,45,99,111,110,102,105,114,109,101,100,32,109,117,116,97,116,105,111,110,34,44,34,98,111,100,121,34,58,34,80,117,98,108,105,115,104,101,100,32,111,110,108,121,32,97,102,116,101,114,32,116,104,101,32,116,97,115,107,32,114,101,115,111,108,118,101,115,46,34,44,34,116,97,103,76,105,115,116,34,58,91,34,115,105,103,110,97,108,115,34,44,34,114,101,97,108,119,111,114,108,100,34,93,44,34,99,114,101,97,116,101,100,65,116,34,58,34,50,48,50,54,45,48,55,45,48,49,84,48,56,58,48,48,58,48,48,46,48,48,48,90,34,44,34,102,97,118,111,114,105,116,101,100,34,58,102,97,108,115,101,44,34,102,97,118,111,114,105,116,101,115,67,111,117,110,116,34,58,48,44,34,97,117,116,104,111,114,34,58,123,34,117,115,101,114,110,97,109,101,34,58,34,107,105,109,34,44,34,98,105,111,34,58,34,82,101,97,100,101,114,46,34,44,34,105,109,97,103,101,34,58,34,34,44,34,102,111,108,108,111,119,105,110,103,34,58,102,97,108,115,101,125,125,125"
expect_pending_task "http:send:article" 1
resolve_task "http:send:article" "roc-http-response-v1\n200\n0\n123,34,97,114,116,105,99,108,101,34,58,123,34,115,108,117,103,34,58,34,99,111,110,100,117,105,116,45,119,114,105,116,101,45,112,97,116,104,34,44,34,116,105,116,108,101,34,58,34,67,111,110,100,117,105,116,32,119,114,105,116,101,32,112,97,116,104,34,44,34,100,101,115,99,114,105,112,116,105,111,110,34,58,34,83,101,114,118,101,114,45,99,111,110,102,105,114,109,101,100,32,109,117,116,97,116,105,111,110,34,44,34,98,111,100,121,34,58,34,80,117,98,108,105,115,104,101,100,32,111,110,108,121,32,97,102,116,101,114,32,116,104,101,32,116,97,115,107,32,114,101,115,111,108,118,101,115,46,34,44,34,116,97,103,76,105,115,116,34,58,91,34,115,105,103,110,97,108,115,34,44,34,114,101,97,108,119,111,114,108,100,34,93,44,34,99,114,101,97,116,101,100,65,116,34,58,34,50,48,50,54,45,48,55,45,48,49,84,48,56,58,48,48,58,48,48,46,48,48,48,90,34,44,34,102,97,118,111,114,105,116,101,100,34,58,102,97,108,115,101,44,34,102,97,118,111,114,105,116,101,115,67,111,117,110,116,34,58,48,44,34,97,117,116,104,111,114,34,58,123,34,117,115,101,114,110,97,109,101,34,58,34,107,105,109,34,44,34,98,105,111,34,58,34,82,101,97,100,101,114,46,34,44,34,105,109,97,103,101,34,58,34,34,44,34,102,111,108,108,111,119,105,110,103,34,58,102,97,108,115,101,125,125,125"
expect_visible role:button name:"Favorite Article (0)"
expect_visible role:heading name:"Comments"
click role:button name:"Post Comment"
expect_pending_task "http:send:comment-create" 1
resolve_task "http:send:comment-create" "roc-http-response-v1\n422\n0\n123,34,101,114,114,111,114,115,34,58,123,34,98,111,100,121,34,58,91,34,99,97,110,39,116,32,98,101,32,98,108,97,110,107,34,93,125,125"
expect_visible text:"body can't be blank"
fill label:"Comment" "Server-confirmed comment."
click role:button name:"Post Comment"
expect_pending_task "http:send:comment-create" 1
resolve_task "http:send:comment-create" "roc-http-response-v1\n201\n0\n123,34,99,111,109,109,101,110,116,34,58,123,34,105,100,34,58,55,44,34,99,114,101,97,116,101,100,65,116,34,58,34,50,48,50,54,45,48,55,45,48,49,84,48,57,58,48,48,58,48,48,46,48,48,48,90,34,44,34,117,112,100,97,116,101,100,65,116,34,58,34,50,48,50,54,45,48,55,45,48,49,84,48,57,58,48,48,58,48,48,46,48,48,48,90,34,44,34,98,111,100,121,34,58,34,83,101,114,118,101,114,45,99,111,110,102,105,114,109,101,100,32,99,111,109,109,101,110,116,46,34,44,34,97,117,116,104,111,114,34,58,123,34,117,115,101,114,110,97,109,101,34,58,34,107,105,109,34,44,34,98,105,111,34,58,34,82,101,97,100,101,114,46,34,44,34,105,109,97,103,101,34,58,34,34,44,34,102,111,108,108,111,119,105,110,103,34,58,102,97,108,115,101,125,125,125"
expect_pending_task "http:send:article-comments" 1
resolve_task "http:send:article-comments" "roc-http-response-v1\n200\n0\n123,34,99,111,109,109,101,110,116,115,34,58,91,123,34,105,100,34,58,55,44,34,99,114,101,97,116,101,100,65,116,34,58,34,50,48,50,54,45,48,55,45,48,49,84,48,57,58,48,48,58,48,48,46,48,48,48,90,34,44,34,117,112,100,97,116,101,100,65,116,34,58,34,50,48,50,54,45,48,55,45,48,49,84,48,57,58,48,48,58,48,48,46,48,48,48,90,34,44,34,98,111,100,121,34,58,34,83,101,114,118,101,114,45,99,111,110,102,105,114,109,101,100,32,99,111,109,109,101,110,116,46,34,44,34,97,117,116,104,111,114,34,58,123,34,117,115,101,114,110,97,109,101,34,58,34,107,105,109,34,44,34,98,105,111,34,58,34,82,101,97,100,101,114,46,34,44,34,105,109,97,103,101,34,58,34,34,44,34,102,111,108,108,111,119,105,110,103,34,58,102,97,108,115,101,125,125,93,125"
expect_visible text:"Server-confirmed comment."
expect_visible role:button name:"Delete Comment"
click role:button name:"Delete Comment"
expect_pending_task "http:send:comment-delete" 1
resolve_task "http:send:comment-delete" "roc-http-response-v1\n204\n0\n"
expect_pending_task "http:send:article-comments" 1
resolve_task "http:send:article-comments" "roc-http-response-v1\n200\n0\n123,34,99,111,109,109,101,110,116,115,34,58,91,93,125"
expect_absent text:"Server-confirmed comment."
expect_visible role:button name:"Delete Article"
click role:button name:"Delete Article"
expect_pending_task "http:send:article-delete" 1
resolve_task "http:send:article-delete" "roc-http-response-v1\n204\n0\n"
expect_current_location "/roc-signals/examples/conduit/#/"
expect_document_title "Conduit"
expect_pending_task "http:send:feed" 1

navigate "/roc-signals/examples/conduit/#/definitely/not/a/route"
expect_current_location "/roc-signals/examples/conduit/#/definitely/not/a/route"
expect_document_title "Page not found - Conduit"
expect_visible role:heading name:"Page not found"

click role:link name:"Take me home"
expect_current_location "/roc-signals/examples/conduit/#/"
expect_document_title "Conduit"
expect_pending_task "http:send:feed" 1
expect_visible role:link name:"Your Feed"

# --- Published example URLs mount the app home under any site base path ---
navigate "/roc-signals/examples/conduit/"
expect_current_location "/roc-signals/examples/conduit/"
expect_document_title "Conduit"
expect_visible text:"A place to share your knowledge."
