# Service ops center server-backed smoke scenario

set_initial_location "/services/api"
expect_visible role:heading name:"Service Ops Center"
expect_visible role:region name:"Service detail"
expect_current_location "/services/api"
expect_document_title "api service detail - Service Ops Center"
expect_pending_task "http:send:dashboard" 1
expect_visible text:"Manual refreshes: 0 | auto refresh 2s"
expect_visible text:"Auto refresh active"
expect_interval 2000 1

resolve_task "http:send:dashboard" "roc-http-response-v1\n200\n0\n123,34,115,99,104,101,109,97,34,58,49,44,34,117,112,100,97,116,101,100,95,118,101,114,115,105,111,110,34,58,49,44,34,117,112,100,97,116,101,100,95,104,111,117,114,34,58,49,50,44,34,117,112,100,97,116,101,100,95,109,105,110,117,116,101,34,58,48,44,34,117,112,100,97,116,101,100,95,115,101,99,111,110,100,34,58,50,44,34,112,104,97,115,101,95,99,111,100,101,34,58,48,44,34,114,101,113,117,101,115,116,115,95,112,101,114,95,109,105,110,117,116,101,34,58,49,53,53,56,44,34,116,114,97,102,102,105,99,95,100,101,108,116,97,95,112,101,114,99,101,110,116,34,58,49,48,44,34,101,114,114,111,114,95,112,101,114,109,105,108,108,101,34,58,55,44,34,98,117,114,110,95,114,97,116,101,95,120,49,48,34,58,49,49,44,34,98,117,100,103,101,116,95,114,101,109,97,105,110,105,110,103,95,112,101,114,109,105,108,108,101,34,58,57,56,49,44,34,108,97,116,101,110,99,121,95,109,115,34,58,57,52,44,34,108,97,116,101,110,99,121,95,116,97,114,103,101,116,95,109,115,34,58,49,50,48,44,34,119,101,98,104,111,111,107,95,114,112,109,34,58,57,55,49,44,34,119,101,98,104,111,111,107,95,98,97,114,95,99,111,100,101,34,58,54,44,34,100,98,95,119,114,105,116,101,95,114,112,109,34,58,55,49,51,44,34,100,98,95,119,114,105,116,101,95,98,97,114,95,99,111,100,101,34,58,54,44,34,105,110,103,114,101,115,115,95,98,97,114,95,99,111,100,101,34,58,54,44,34,108,97,116,101,110,99,121,95,98,97,114,95,99,111,100,101,34,58,52,44,34,101,114,114,111,114,95,98,97,114,95,99,111,100,101,34,58,50,44,34,98,117,100,103,101,116,95,98,97,114,95,99,111,100,101,34,58,48,44,34,113,117,101,117,101,95,100,101,112,116,104,34,58,52,53,44,34,113,117,101,117,101,95,116,114,101,110,100,95,99,111,100,101,34,58,49,44,34,113,117,101,117,101,95,99,97,112,97,99,105,116,121,34,58,49,50,48,44,34,114,117,110,110,105,110,103,95,106,111,98,115,34,58,49,48,44,34,98,108,111,99,107,101,100,95,106,111,98,115,34,58,48,44,34,111,108,100,101,115,116,95,106,111,98,95,109,105,110,34,58,49,48,44,34,106,111,98,95,97,95,105,100,34,58,49,48,50,44,34,106,111,98,95,97,95,112,114,111,103,114,101,115,115,34,58,55,53,44,34,106,111,98,95,97,95,97,103,101,95,109,105,110,34,58,52,44,34,106,111,98,95,97,95,115,116,97,116,101,95,99,111,100,101,34,58,48,44,34,106,111,98,95,98,95,105,100,34,58,49,49,57,44,34,106,111,98,95,98,95,112,114,111,103,114,101,115,115,34,58,52,53,44,34,106,111,98,95,98,95,97,103,101,95,109,105,110,34,58,56,44,34,106,111,98,95,98,95,115,116,97,116,101,95,99,111,100,101,34,58,48,44,34,106,111,98,95,99,95,105,100,34,58,49,51,51,44,34,106,111,98,95,99,95,112,114,111,103,114,101,115,115,34,58,54,50,44,34,106,111,98,95,99,95,97,103,101,95,109,105,110,34,58,51,44,34,106,111,98,95,99,95,115,116,97,116,101,95,99,111,100,101,34,58,48,44,34,106,111,98,95,100,95,105,100,34,58,49,55,51,44,34,106,111,98,95,100,95,112,114,111,103,114,101,115,115,34,58,54,55,44,34,106,111,98,95,100,95,97,103,101,95,109,105,110,34,58,53,44,34,106,111,98,95,100,95,115,116,97,116,101,95,99,111,100,101,34,58,48,44,34,97,108,101,114,116,95,97,95,99,111,100,101,34,58,51,44,34,97,108,101,114,116,95,97,95,97,103,101,95,109,105,110,34,58,54,44,34,97,108,101,114,116,95,98,95,99,111,100,101,34,58,52,44,34,97,108,101,114,116,95,98,95,97,103,101,95,109,105,110,34,58,52,44,34,97,108,101,114,116,95,99,95,99,111,100,101,34,58,53,44,34,97,108,101,114,116,95,99,95,97,103,101,95,109,105,110,34,58,57,44,34,101,100,103,101,95,115,116,97,116,101,95,99,111,100,101,34,58,48,44,34,101,100,103,101,95,108,97,116,101,110,99,121,95,109,115,34,58,53,50,44,34,97,112,105,95,115,116,97,116,101,95,99,111,100,101,34,58,48,44,34,97,112,105,95,108,97,116,101,110,99,121,95,109,115,34,58,57,52,44,34,119,111,114,107,101,114,95,115,116,97,116,101,95,99,111,100,101,34,58,48,44,34,119,111,114,107,101,114,95,111,108,100,101,115,116,95,106,111,98,95,109,105,110,34,58,49,48,44,34,100,97,116,97,98,97,115,101,95,115,116,97,116,101,95,99,111,100,101,34,58,48,44,34,100,97,116,97,98,97,115,101,95,108,97,103,95,115,101,99,34,58,50,44,34,98,105,108,108,105,110,103,95,115,116,97,116,101,95,99,111,100,101,34,58,48,44,34,98,105,108,108,105,110,103,95,108,97,116,101,110,99,121,95,109,115,34,58,49,48,52,44,34,115,101,97,114,99,104,95,115,116,97,116,101,95,99,111,100,101,34,58,48,44,34,115,101,97,114,99,104,95,114,101,102,114,101,115,104,95,115,101,99,34,58,49,56,44,34,105,100,101,110,116,105,116,121,95,115,116,97,116,101,95,99,111,100,101,34,58,48,44,34,105,100,101,110,116,105,116,121,95,108,97,116,101,110,99,121,95,109,115,34,58,52,53,44,34,115,101,114,118,105,99,101,95,100,101,116,97,105,108,115,34,58,91,123,34,105,100,34,58,34,101,100,103,101,34,44,34,108,97,98,101,108,34,58,34,101,100,103,101,34,44,34,111,119,110,101,114,34,58,34,116,114,97,102,102,105,99,34,44,34,115,116,97,116,117,115,34,58,34,111,107,34,44,34,115,117,109,109,97,114,121,34,58,34,71,108,111,98,97,108,32,101,100,103,101,32,114,111,117,116,101,114,115,32,97,110,100,32,99,97,110,97,114,121,32,116,114,97,102,102,105,99,32,115,104,97,112,105,110,103,34,44,34,114,117,110,98,111,111,107,34,58,34,114,117,110,98,111,111,107,115,47,101,100,103,101,45,116,114,97,102,102,105,99,34,44,34,100,101,112,101,110,100,101,110,99,105,101,115,34,58,91,123,34,105,100,34,58,34,97,112,105,34,44,34,108,97,98,101,108,34,58,34,97,112,105,34,44,34,115,116,97,116,101,34,58,34,111,107,34,125,44,123,34,105,100,34,58,34,105,100,101,110,116,105,116,121,34,44,34,108,97,98,101,108,34,58,34,105,100,101,110,116,105,116,121,34,44,34,115,116,97,116,101,34,58,34,111,107,34,125,93,44,34,99,111,110,116,97,99,116,115,34,58,91,123,34,116,101,97,109,34,58,34,116,114,97,102,102,105,99,45,112,114,105,109,97,114,121,34,44,34,99,104,97,110,110,101,108,34,58,34,35,111,112,115,45,101,100,103,101,34,125,44,123,34,116,101,97,109,34,58,34,105,110,99,105,100,101,110,116,45,99,111,109,109,97,110,100,34,44,34,99,104,97,110,110,101,108,34,58,34,35,105,110,99,105,100,101,110,116,45,114,111,111,109,34,125,93,125,44,123,34,105,100,34,58,34,97,112,105,34,44,34,108,97,98,101,108,34,58,34,97,112,105,34,44,34,111,119,110,101,114,34,58,34,112,108,97,116,102,111,114,109,34,44,34,115,116,97,116,117,115,34,58,34,111,107,34,44,34,115,117,109,109,97,114,121,34,58,34,80,114,105,109,97,114,121,32,74,83,79,78,32,65,80,73,32,103,97,116,101,119,97,121,32,102,111,114,32,99,117,115,116,111,109,101,114,32,97,110,100,32,111,112,115,32,119,111,114,107,102,108,111,119,115,34,44,34,114,117,110,98,111,111,107,34,58,34,114,117,110,98,111,111,107,115,47,97,112,105,45,103,97,116,101,119,97,121,34,44,34,100,101,112,101,110,100,101,110,99,105,101,115,34,58,91,123,34,105,100,34,58,34,100,97,116,97,98,97,115,101,34,44,34,108,97,98,101,108,34,58,34,100,97,116,97,98,97,115,101,34,44,34,115,116,97,116,101,34,58,34,111,107,34,125,44,123,34,105,100,34,58,34,98,105,108,108,105,110,103,34,44,34,108,97,98,101,108,34,58,34,98,105,108,108,105,110,103,34,44,34,115,116,97,116,101,34,58,34,111,107,34,125,44,123,34,105,100,34,58,34,105,100,101,110,116,105,116,121,34,44,34,108,97,98,101,108,34,58,34,105,100,101,110,116,105,116,121,34,44,34,115,116,97,116,101,34,58,34,111,107,34,125,93,44,34,99,111,110,116,97,99,116,115,34,58,91,123,34,116,101,97,109,34,58,34,112,108,97,116,102,111,114,109,45,112,114,105,109,97,114,121,34,44,34,99,104,97,110,110,101,108,34,58,34,35,111,112,115,45,97,112,105,34,125,44,123,34,116,101,97,109,34,58,34,105,110,99,105,100,101,110,116,45,99,111,109,109,97,110,100,34,44,34,99,104,97,110,110,101,108,34,58,34,35,105,110,99,105,100,101,110,116,45,114,111,111,109,34,125,93,125,44,123,34,105,100,34,58,34,119,111,114,107,101,114,115,34,44,34,108,97,98,101,108,34,58,34,119,111,114,107,101,114,115,34,44,34,111,119,110,101,114,34,58,34,100,101,108,105,118,101,114,121,34,44,34,115,116,97,116,117,115,34,58,34,111,107,34,44,34,115,117,109,109,97,114,121,34,58,34,66,97,99,107,103,114,111,117,110,100,32,113,117,101,117,101,32,99,111,110,115,117,109,101,114,115,32,102,111,114,32,115,101,97,114,99,104,44,32,98,105,108,108,105,110,103,44,32,101,120,112,111,114,116,115,44,32,97,110,100,32,115,101,115,115,105,111,110,32,99,108,101,97,110,117,112,34,44,34,114,117,110,98,111,111,107,34,58,34,114,117,110,98,111,111,107,115,47,119,111,114,107,101,114,115,45,113,117,101,117,101,34,44,34,100,101,112,101,110,100,101,110,99,105,101,115,34,58,91,123,34,105,100,34,58,34,100,97,116,97,98,97,115,101,34,44,34,108,97,98,101,108,34,58,34,100,97,116,97,98,97,115,101,34,44,34,115,116,97,116,101,34,58,34,111,107,34,125,44,123,34,105,100,34,58,34,115,101,97,114,99,104,34,44,34,108,97,98,101,108,34,58,34,115,101,97,114,99,104,34,44,34,115,116,97,116,101,34,58,34,111,107,34,125,93,44,34,99,111,110,116,97,99,116,115,34,58,91,123,34,116,101,97,109,34,58,34,100,101,108,105,118,101,114,121,45,112,114,105,109,97,114,121,34,44,34,99,104,97,110,110,101,108,34,58,34,35,111,112,115,45,119,111,114,107,101,114,115,34,125,44,123,34,116,101,97,109,34,58,34,105,110,99,105,100,101,110,116,45,99,111,109,109,97,110,100,34,44,34,99,104,97,110,110,101,108,34,58,34,35,105,110,99,105,100,101,110,116,45,114,111,111,109,34,125,93,125,44,123,34,105,100,34,58,34,100,97,116,97,98,97,115,101,34,44,34,108,97,98,101,108,34,58,34,100,97,116,97,98,97,115,101,34,44,34,111,119,110,101,114,34,58,34,100,97,116,97,34,44,34,115,116,97,116,117,115,34,58,34,111,107,34,44,34,115,117,109,109,97,114,121,34,58,34,80,114,105,109,97,114,121,32,116,114,97,110,115,97,99,116,105,111,110,97,108,32,115,116,111,114,101,32,97,110,100,32,114,101,112,108,105,99,97,32,104,101,97,108,116,104,32,102,111,114,32,116,104,101,32,112,117,98,108,105,99,32,65,80,73,34,44,34,114,117,110,98,111,111,107,34,58,34,114,117,110,98,111,111,107,115,47,100,97,116,97,98,97,115,101,45,108,97,103,34,44,34,100,101,112,101,110,100,101,110,99,105,101,115,34,58,91,123,34,105,100,34,58,34,97,112,105,34,44,34,108,97,98,101,108,34,58,34,97,112,105,34,44,34,115,116,97,116,101,34,58,34,111,107,34,125,44,123,34,105,100,34,58,34,119,111,114,107,101,114,115,34,44,34,108,97,98,101,108,34,58,34,119,111,114,107,101,114,115,34,44,34,115,116,97,116,101,34,58,34,111,107,34,125,93,44,34,99,111,110,116,97,99,116,115,34,58,91,123,34,116,101,97,109,34,58,34,100,97,116,97,45,112,114,105,109,97,114,121,34,44,34,99,104,97,110,110,101,108,34,58,34,35,111,112,115,45,100,97,116,97,98,97,115,101,34,125,44,123,34,116,101,97,109,34,58,34,105,110,99,105,100,101,110,116,45,99,111,109,109,97,110,100,34,44,34,99,104,97,110,110,101,108,34,58,34,35,105,110,99,105,100,101,110,116,45,114,111,111,109,34,125,93,125,44,123,34,105,100,34,58,34,98,105,108,108,105,110,103,34,44,34,108,97,98,101,108,34,58,34,98,105,108,108,105,110,103,34,44,34,111,119,110,101,114,34,58,34,114,101,118,101,110,117,101,34,44,34,115,116,97,116,117,115,34,58,34,111,107,34,44,34,115,117,109,109,97,114,121,34,58,34,66,105,108,108,105,110,103,32,65,80,73,32,97,110,100,32,119,101,98,104,111,111,107,32,100,101,108,105,118,101,114,121,32,99,111,111,114,100,105,110,97,116,105,111,110,34,44,34,114,117,110,98,111,111,107,34,58,34,114,117,110,98,111,111,107,115,47,98,105,108,108,105,110,103,45,119,101,98,104,111,111,107,115,34,44,34,100,101,112,101,110,100,101,110,99,105,101,115,34,58,91,123,34,105,100,34,58,34,97,112,105,34,44,34,108,97,98,101,108,34,58,34,97,112,105,34,44,34,115,116,97,116,101,34,58,34,111,107,34,125,44,123,34,105,100,34,58,34,119,111,114,107,101,114,115,34,44,34,108,97,98,101,108,34,58,34,119,111,114,107,101,114,115,34,44,34,115,116,97,116,101,34,58,34,111,107,34,125,93,44,34,99,111,110,116,97,99,116,115,34,58,91,123,34,116,101,97,109,34,58,34,114,101,118,101,110,117,101,45,112,114,105,109,97,114,121,34,44,34,99,104,97,110,110,101,108,34,58,34,35,111,112,115,45,98,105,108,108,105,110,103,34,125,44,123,34,116,101,97,109,34,58,34,105,110,99,105,100,101,110,116,45,99,111,109,109,97,110,100,34,44,34,99,104,97,110,110,101,108,34,58,34,35,105,110,99,105,100,101,110,116,45,114,111,111,109,34,125,93,125,44,123,34,105,100,34,58,34,115,101,97,114,99,104,34,44,34,108,97,98,101,108,34,58,34,115,101,97,114,99,104,34,44,34,111,119,110,101,114,34,58,34,100,105,115,99,111,118,101,114,121,34,44,34,115,116,97,116,117,115,34,58,34,111,107,34,44,34,115,117,109,109,97,114,121,34,58,34,83,101,97,114,99,104,32,105,110,100,101,120,105,110,103,32,97,110,100,32,113,117,101,114,121,32,102,114,101,115,104,110,101,115,115,32,102,111,114,32,112,117,98,108,105,99,32,119,111,114,107,115,112,97,99,101,115,34,44,34,114,117,110,98,111,111,107,34,58,34,114,117,110,98,111,111,107,115,47,115,101,97,114,99,104,45,102,114,101,115,104,110,101,115,115,34,44,34,100,101,112,101,110,100,101,110,99,105,101,115,34,58,91,123,34,105,100,34,58,34,119,111,114,107,101,114,115,34,44,34,108,97,98,101,108,34,58,34,119,111,114,107,101,114,115,34,44,34,115,116,97,116,101,34,58,34,111,107,34,125,44,123,34,105,100,34,58,34,100,97,116,97,98,97,115,101,34,44,34,108,97,98,101,108,34,58,34,100,97,116,97,98,97,115,101,34,44,34,115,116,97,116,101,34,58,34,111,107,34,125,93,44,34,99,111,110,116,97,99,116,115,34,58,91,123,34,116,101,97,109,34,58,34,100,105,115,99,111,118,101,114,121,45,112,114,105,109,97,114,121,34,44,34,99,104,97,110,110,101,108,34,58,34,35,111,112,115,45,115,101,97,114,99,104,34,125,44,123,34,116,101,97,109,34,58,34,105,110,99,105,100,101,110,116,45,99,111,109,109,97,110,100,34,44,34,99,104,97,110,110,101,108,34,58,34,35,105,110,99,105,100,101,110,116,45,114,111,111,109,34,125,93,125,44,123,34,105,100,34,58,34,105,100,101,110,116,105,116,121,34,44,34,108,97,98,101,108,34,58,34,105,100,101,110,116,105,116,121,34,44,34,111,119,110,101,114,34,58,34,115,101,99,117,114,105,116,121,34,44,34,115,116,97,116,117,115,34,58,34,111,107,34,44,34,115,117,109,109,97,114,121,34,58,34,83,101,115,115,105,111,110,32,99,97,99,104,101,44,32,116,111,107,101,110,32,118,97,108,105,100,97,116,105,111,110,44,32,97,110,100,32,111,112,101,114,97,116,111,114,32,97,99,99,101,115,115,32,99,104,101,99,107,115,34,44,34,114,117,110,98,111,111,107,34,58,34,114,117,110,98,111,111,107,115,47,105,100,101,110,116,105,116,121,45,99,97,99,104,101,34,44,34,100,101,112,101,110,100,101,110,99,105,101,115,34,58,91,123,34,105,100,34,58,34,97,112,105,34,44,34,108,97,98,101,108,34,58,34,97,112,105,34,44,34,115,116,97,116,101,34,58,34,111,107,34,125,44,123,34,105,100,34,58,34,100,97,116,97,98,97,115,101,34,44,34,108,97,98,101,108,34,58,34,100,97,116,97,98,97,115,101,34,44,34,115,116,97,116,101,34,58,34,111,107,34,125,93,44,34,99,111,110,116,97,99,116,115,34,58,91,123,34,116,101,97,109,34,58,34,115,101,99,117,114,105,116,121,45,112,114,105,109,97,114,121,34,44,34,99,104,97,110,110,101,108,34,58,34,35,111,112,115,45,105,100,101,110,116,105,116,121,34,125,44,123,34,116,101,97,109,34,58,34,105,110,99,105,100,101,110,116,45,99,111,109,109,97,110,100,34,44,34,99,104,97,110,110,101,108,34,58,34,35,105,110,99,105,100,101,110,116,45,114,111,111,109,34,125,93,125,93,125"
expect_pending_task "http:send:dashboard" 0
expect_visible text:"api service detail"
expect_visible text:"Status: ok | owner platform"
expect_visible text:"Primary JSON API gateway for customer and ops workflows"
expect_visible text:"Runbook: runbooks/api-gateway"
expect_visible text:"3 dependencies watched"
expect_visible text:"platform-primary"
expect_visible text:"This drill-down is URL-addressable; browser Back and Forward restore the selected service."
expect_current_location "/services/api"

click role:link name:"Back to overview"
expect_current_location "/"
expect_document_title "Service Ops Center"
expect_visible role:region name:"Traffic"
expect_visible role:region name:"Active jobs"
expect_visible role:region name:"Alerts"
expect_visible role:region name:"Service health"
expect_visible text:"Last server update 12:00:02 UTC | tick 1 | auto refresh 2s"
expect_visible text:"Latest 1558 rpm | p95 94 ms | errors 0.7%"
custom_event test_id:"traffic-chart" "chart-select" "now | 1,558 rpm | 94 ms | 0.7% errors"
expect_visible text:"Selected: now | 1,558 rpm | 94 ms | 0.7% errors"
custom_event test_id:"traffic-chart" "chart-hover" "-2m | 1,490 rpm | 91 ms | 0.6% errors"
expect_visible text:"Hover: -2m | 1,490 rpm | 91 ms | 0.6% errors"
custom_event test_id:"traffic-chart" "chart-hover" ""
expect_visible text:"Selected: now | 1,558 rpm | 94 ms | 0.7% errors"

history_back
expect_current_location "/services/api"
expect_document_title "api service detail - Service Ops Center"
expect_visible role:region name:"Service detail"
expect_visible text:"api service detail"

history_forward
expect_current_location "/"
expect_document_title "Service Ops Center"
expect_visible role:region name:"Traffic"

click role:link name:"Open workers details"
expect_current_location "/services/workers"
expect_document_title "workers service detail - Service Ops Center"
expect_visible role:region name:"Service detail"
expect_visible text:"workers service detail"
expect_visible text:"Status: ok | owner delivery"
expect_visible text:"Background queue consumers for search, billing, exports, and session cleanup"
expect_visible text:"Runbook: runbooks/workers-queue"
expect_visible text:"2 dependencies watched"
expect_visible text:"delivery-primary"

history_back
expect_current_location "/"
expect_document_title "Service Ops Center"
expect_visible role:region name:"Traffic"

history_forward
expect_current_location "/services/workers"
expect_document_title "workers service detail - Service Ops Center"
expect_visible text:"workers service detail"

navigate "/services/missing"
expect_current_location "/"
expect_document_title "Service Ops Center"
expect_visible role:region name:"Traffic"

expect_canceled_task "http:send:dashboard" 0
click role:button name:"Refresh now"
expect_visible text:"Manual refreshes: 1 | auto refresh 2s"
expect_pending_task "http:send:dashboard" 1

tick_interval 2000
expect_pending_task "http:send:dashboard" 1
expect_canceled_task "http:send:dashboard" 1

set_visibility hidden
expect_visible text:"Auto refresh paused while tab is hidden"
expect_interval 2000 0
expect_pending_task "http:send:dashboard" 0
expect_canceled_task "http:send:dashboard" 2
tick_interval_if_active 2000
expect_pending_task "http:send:dashboard" 0
expect_canceled_task "http:send:dashboard" 2

set_visibility visible
expect_visible text:"Auto refresh active"
expect_interval 2000 1
expect_pending_task "http:send:dashboard" 1
expect_canceled_task "http:send:dashboard" 2
